simulation_id	longitude	latitude	inclination	distance	mass1	mass2	spin1z	spin2z	polarization	coa_phase	geocent_end_time	geocent_end_time_ns
9	3.7971859	0.87535684	0.38678959	203.77752	2.0644817	1.6678797	-0.061078237	-0.00031229967	1.3379265069961548	-2.081282138824463	1026305955	487770796
14	4.5625499	-0.0033924737	0.32873468	636.56451	1.9580471	1.4436337	-0.059587195	-0.017365953	6.272561073303223	-2.961184501647949	1027784823	782459617
21	0.96535827	1.405876	2.6485628	226.54627	2.1042908	1.7786805	-0.092207744	0.10383004	5.722528457641602	0.8013504147529602	1025350902	286546469
23	3.3950243	-0.33706707	2.3010108	487.65838	2.1821147	1.9537788	-0.14975753	-0.052046308	3.2534031867980957	0.14345084130764008	1022464119	957714438
24	2.4084685	0.086911397	0.26154381	443.7946	2.0891864	1.3713884	0.071476524	-0.058264608	1.8033876419067383	-2.7426302433013916	1026060430	666605115
31	2.2987218	-0.66782778	2.2454705	679.47093	2.2338542	1.8039441	-0.014156928	0.24071834	0.2366563230752945	0.6913602948188782	1011722560	242466450
40	1.786631	0.68409147	0.40715415	968.3002	2.4780567	2.0885843	0.10602717	0.011452219	2.1173501014709473	-0.8852009773254395	1021484473	992090106
51	5.3373964	0.1944663	2.1127356	109.18523	2.0442393	1.8805364	-0.010546948	0.1791654	5.254858016967773	-0.05492151528596878	1014507033	270133138
52	5.7311327	0.79517612	0.80954091	404.6626	1.6355546	1.5399625	-0.2244059	-0.24093392	3.667238712310791	2.829974889755249	1011973667	365812659
56	4.7244838	0.055420077	2.6755138	441.27134	1.4882069	1.3371476	0.15605055	-0.0087809637	3.9848034381866455	-1.5281753540039062	1019115986	810355186
59	0.66535425	-0.12373146	2.818656	817.73502	3.2814075	1.9929941	0.0481763	0.011912023	1.539509892463684	-0.6102507710456848	1006236364	261778712
60	4.6484458	0.3994863	0.98852277	364.32633	2.6514664	2.3107894	-0.023298977	0.090424504	3.8101048469543457	-0.6087339520454407	1008267304	960808992
69	0.74084987	-0.15450337	2.4096784	426.23695	1.6544894	1.3264401	-0.17437433	0.014066261	5.299139499664307	2.078540563583374	1009003750	633914471
71	6.0422185	-0.82245846	2.5673898	545.33757	1.9182535	1.768172	-0.058888052	0.1796802	4.676052093505859	1.5530166625976562	1000314673	422108650
81	5.3942362	-0.75930781	1.1613845	121.54648	2.1086698	1.526639	-0.042715258	-0.024932431	0.05012752115726471	2.753676652908325	1019348129	454129219
86	3.0974585	-0.68239946	1.1365684	344.0688	2.1439442	1.8522262	0.18643766	0.028163082	3.2971739768981934	-0.20948374271392822	1011303961	804257751
91	0.22181978	-1.0038999	1.7644685	536.96051	2.3834741	2.2964209	-0.012035352	-0.28122487	2.405428886413574	-2.7576749324798584	1015152164	683887959
101	2.4400603	1.3253426	0.62853526	480.1554	1.2829361	1.268497	-0.16160724	-0.3554233	1.8055390119552612	-0.8059364557266235	1028999168	418889999
103	0.33978415	0.13406128	2.5756882	1229.483	2.8129526	2.3957255	0.044406588	-0.14624489	5.907808303833008	1.9209429025650024	1022768839	845917463
110	2.8824834	-0.18194166	2.6717784	1137.3115	2.7910718	1.6215094	-0.20098257	0.14852518	3.16938853263855	1.109404444694519	1014232326	496415257
111	1.2494087	-0.65017802	0.67286493	410.86948	1.4371049	1.3249269	-0.094824593	-0.1213783	1.3817145824432373	-0.1577765941619873	1001881688	405323625
112	3.830283	0.24040831	2.468018	508.66902	1.9397017	1.7345837	-0.16166318	0.20953222	2.1782119274139404	0.9722302556037903	1016060960	869002700
129	1.9447457	-0.49472089	2.5847512	80.590369	2.1917276	1.3733686	-0.2048184	0.054726812	4.0030341148376465	0.805259644985199	1022769384	172374606
137	3.2766243	0.17193163	2.2850471	619.53641	2.209185	2.1697479	0.061121344	-0.018783295	2.35776686668396	2.4802463054656982	1004899283	819711566
139	4.8161088	-1.2955216	2.4875824	275.2099	1.802245	1.7901354	-0.083979181	-0.067423644	6.242918014526367	-1.7931584119796753	1027137101	967010975
143	0.61230462	0.64064238	0.35073974	398.42167	1.7044337	1.6199954	-0.0017102223	0.024478602	1.2745704650878906	2.6090962886810303	1019692834	507346392
161	3.980532	-0.80807282	0.70970975	637.87611	2.1426041	2.0269472	0.077072373	0.036703734	1.008899450302124	-1.2217602729797363	1010215175	761671782
162	4.0165991	0.50657333	0.53762049	597.56348	2.4525708	1.7725254	0.0046457501	-0.0013735564	1.6665419340133667	0.9530418515205383	1009562493	707424879
164	3.4829313	0.59753761	2.9313987	451.90006	1.9472887	1.5331311	0.09475969	0.27104036	3.5523056983947754	1.9421703815460205	1008333985	841132879
176	2.6168888	0.47624437	2.0667969	192.42448	1.5920447	1.485679	-0.29189419	-0.0080474656	5.470990180969238	1.2616740465164185	1025363526	875817776
181	5.7411583	-1.1560175	1.7369263	408.43483	1.8857688	1.4940521	-0.15007352	0.053752862	5.8506550788879395	-1.1902681589126587	1009887257	646316051
186	4.4665121	1.5113202	0.46527255	533.24795	2.4984735	1.2899929	-0.010984819	-0.22152816	2.881513833999634	-2.86600399017334	1006821563	61827064
187	3.5914366	0.5435096	3.0924724	712.34621	1.4667299	1.433042	0.027800744	-0.0011064508	4.085885047912598	-3.100144863128662	1012051616	687702298
189	2.3545364	0.95296988	0.51816305	356.56478	1.4633128	1.3706095	0.0016463538	-0.057729304	2.0890932083129883	0.1659359186887741	1017356893	361666560
194	0.13819433	0.52349043	0.16069659	348.67729	2.2392466	1.6755905	-0.25529974	0.075901551	3.712764263153076	-1.3414002656936646	1000012257	698272705
205	4.0643852	-0.81783086	2.8614378	420.21767	1.5715319	1.3544241	-0.10589279	-0.062582965	2.2618234157562256	0.6313558220863342	1020828445	88104725
213	4.9323555	0.67865002	0.48871369	643.28792	2.7762984	1.3553853	-0.060071504	0.10899462	5.022706031799316	1.7219120264053345	1010865638	251975536
214	3.1695342	-0.29969188	0.27127156	350.10077	3.0299777	2.3497217	0.095498984	0.10596005	2.9244441986083984	0.8557486534118652	1001846157	116204023
219	1.3120584	0.72438008	0.2287892	1419.5943	3.1537247	3.0634998	-0.098494566	-0.041364857	4.1740193367004395	-2.147318124771118	1021575645	456230521
233	0.49425428	-0.27872384	2.4760497	253.59635	2.470662	2.0284763	-0.036781808	0.34387199	4.988130569458008	2.576690196990967	1027689779	735032320
237	4.6929644	-1.2154043	1.9058593	336.74324	3.1658797	2.0004889	0.53977673	-0.31634586	2.4342434406280518	-0.7042572498321533	1015312225	144012094
238	0.99299464	0.3905491	0.63031424	141.63639	2.7563127	2.4082596	0.3665528	0.0080080847	5.418745517730713	0.7184224724769592	1001250513	241204381
239	4.3071662	-0.71540193	1.8330854	265.55135	2.0372973	1.6708243	0.092536956	0.16610804	1.667557716369629	-0.9496497511863708	1021657152	547188163
240	4.5719603	0.18239625	2.7323827	988.05442	3.2391872	3.021114	-0.44862463	-0.22046283	2.2952682971954346	-2.9193248748779297	1018098758	993567467
245	2.3319136	-0.24578845	0.84446245	217.24931	1.9146419	1.3432171	0.1602105	-0.026431186	3.976824998855591	-0.7508593201637268	1013277039	43055058
249	2.7613357	-1.18741	0.23515207	1030.8826	2.8058547	2.712456	-0.13828197	-0.026914588	0.68609219789505	-0.10644205659627914	1019580256	174179316
258	0.14458171	-0.56041997	0.754721	558.60704	2.412111	2.1139938	0.034805397	0.012849264	2.0462162494659424	-1.3981575965881348	1028335322	296566963
274	4.1969572	-0.084871531	2.5094271	640.30275	2.6397408	2.2760015	0.023965717	0.026153034	2.5635623931884766	2.7238147258758545	1007149846	876302481
286	4.3375435	-0.19699651	0.80269854	269.76653	1.4976543	1.4439135	-0.089019317	-0.16256878	4.518021583557129	-2.537914991378784	1019176936	541316032
295	4.630322	-0.66546776	1.1815231	169.24014	2.5637569	1.5449334	0.047622028	0.093782708	0.04568982496857643	-2.709451198577881	1021165267	986041784
307	4.1477615	-1.2366053	1.637941	401.52855	2.2859666	1.2764038	0.011943874	0.021331928	0.11718347668647766	-1.5485093593597412	1001151612	371020794
310	4.4693603	0.0060227824	0.36704139	373.37339	2.0946161	1.4986527	0.068436084	0.014397296	0.9890925884246826	3.1260061264038086	1022926317	600434065
315	0.49147205	-0.14818532	2.1112503	285.30087	2.8437336	2.1683859	0.63129139	-0.18194644	2.8504233360290527	-2.89471435546875	1011917070	232873797
318	0.99330731	0.31368211	0.76253823	216.34519	2.1970614	1.8483628	0.20669571	0.1513058	4.481503486633301	-2.700563430786133	1023775964	916448593
326	4.4465907	-0.52462484	2.1040702	293.46703	1.4163643	1.2488174	0.070960042	-0.17721725	3.578512191772461	0.9122719764709473	1003666963	306642175
337	0.99306268	0.41354738	2.9388185	459.44003	2.8447989	2.632412	-0.24813613	-0.010138327	3.305898666381836	0.8537191152572632	1005275718	544019580
352	4.2724915	-0.017139	2.6923134	737.82991	2.9535792	2.9306192	0.33984524	0.70431951	5.931326389312744	0.333596408367157	1027474022	59976578
359	5.262562	-0.57421277	0.49825425	856.25713	2.715863	2.6673749	0.098706577	0.29996031	1.3948029279708862	1.6531145572662354	1013928146	310183048
380	5.4538014	-0.30145734	2.721945	227.36266	2.1299376	1.4978833	0.068962323	0.11999066	3.9810729026794434	-3.038177728652954	1007673342	872622013
389	5.6803275	0.14310661	0.56398014	735.52473	2.9669639	2.0920024	0.057213176	-0.1477217	5.796069145202637	-2.033419370651245	1026029727	641782641
399	2.0915601	-0.89701621	2.199447	239.91382	1.6745266	1.2412384	0.048288319	-0.01508925	3.325117826461792	-2.500619411468506	1001240094	688684344
404	0.5546788	-0.48953438	2.3696974	228.34611	1.5751734	1.5012176	0.039828829	-0.00023149483	1.9431992769241333	-1.005448341369629	1030929201	239812613
406	4.6751256	-0.40271448	0.50498561	287.92666	1.7904397	1.7376715	-0.042181251	-0.18953905	5.428712844848633	2.4313104152679443	1000138525	12869239
412	4.2959318	0.19979566	1.144445	244.04772	2.8909801	2.5565413	-0.02367742	0.22045609	0.5303282141685486	2.7882676124572754	1017218315	149042368
418	1.6569981	-0.19302335	1.232738	305.60859	1.9795647	1.7782524	-0.094404817	0.0057031778	4.143688678741455	1.315750241279602	1010471698	557193756
419	6.0799118	-0.28348083	0.21943161	563.23129	1.6203345	1.5215534	-0.0077567477	-0.040704182	5.875947952270508	2.3023641109466553	1013597432	414562702
422	0.86073383	0.6182576	2.3811607	843.72643	3.1587342	2.1922005	0.077807763	-0.067435628	4.725514888763428	1.291528582572937	1027249999	601212382
429	6.204207	-0.89420389	0.61679952	306.63715	1.8670105	1.4045115	-0.039540682	-0.18779534	0.3808847963809967	1.4048831462860107	1009635678	763961554
434	4.4001293	-0.38535585	0.88241491	452.31124	2.2060716	1.914166	0.063802296	-0.038505827	4.305900573730469	-0.3038010597229004	1030461641	964086294
436	3.022019	-1.2910539	0.2666642	520.13864	2.3298485	1.9052734	-0.22333099	-0.13048706	1.242634654045105	1.2480244636535645	1006241292	768826246
439	2.633147	0.12413204	2.5605413	103.36001	1.3134517	1.2616031	0.022750958	-0.25083342	4.739634037017822	-1.1597613096237183	1016801833	109465599
460	1.1846447	0.45146109	1.6478252	254.82686	1.8742467	1.2542242	0.10595413	0.056664389	1.983628749847412	-2.095871686935425	1021076576	182806015
464	4.0460273	-0.26323312	2.8238311	381.15802	1.8639918	1.3625999	-0.0014427175	0.094077904	1.7124654054641724	-2.633397102355957	1028619881	183913112
476	2.0066968	0.46403191	0.4968426	569.92412	2.6451933	1.4881917	0.10544436	-0.11847169	3.4733307361602783	3.0648505687713623	1003571107	507750392
484	2.3823751	0.4575622	2.9404342	207.94321	1.9734852	1.9476784	-0.24629959	0.045508026	1.0801619291305542	2.6028177738189697	1022636617	365930200
490	1.6826213	1.0337428	0.68635843	310.97531	1.8156794	1.3266311	-0.20721088	-0.096522282	1.170404076576233	-1.2012995481491089	1026993028	896027803
491	6.1846504	-0.76578073	1.9226693	162.3897	1.5214548	1.2766592	-0.14488834	-0.14370537	3.717451572418213	3.005634307861328	1016548727	155540347
495	5.3617328	-0.77315007	0.75360097	422.07536	1.9473997	1.5946362	0.19157436	0.078855429	3.933896064758301	-3.1190459728240967	1019180753	759723425
508	3.6291712	0.83921097	0.81131886	232.36802	1.4627693	1.296935	0.34681055	-0.031259605	0.6314252018928528	-2.309757947921753	1012221770	673201919
518	5.9220112	0.56618785	2.1196308	361.76198	2.5393716	1.3358181	0.20470871	0.27113734	2.350804567337036	1.334212303161621	1023620371	710886598
523	2.6894911	0.64489384	2.4759768	345.13459	2.3263892	1.8386667	-0.075613933	-0.069723468	2.6637232303619385	-0.856260359287262	1001619359	843978643
530	1.2790212	0.62251984	0.92001559	328.24901	1.7666585	1.4278536	0.096093031	-0.032044457	1.641454815864563	0.3838469088077545	1017014103	209239721
531	4.7102745	0.26674113	1.8569356	374.04946	1.8851982	1.849025	-0.0054143244	-0.21323274	3.911094903945923	2.9523327350616455	1023179472	316125154
532	0.57647477	0.97924433	0.93557624	334.84286	1.7427955	1.3644581	0.013227059	-0.023886121	3.9205076694488525	-2.8487868309020996	1016059517	868167639
535	4.7685348	-1.0641022	2.4175315	456.55267	2.9795666	2.5704726	0.16288426	0.12091314	1.7372932434082031	2.509162664413452	1001308160	942767382
536	4.572293	1.4468752	2.7608058	669.63456	1.5596408	1.5123385	0.14661562	0.0041597963	2.3428728580474854	-2.4297401905059814	1005301880	291187763
541	4.7989506	-0.20188065	1.6193586	389.58971	1.8760761	1.7680963	0.018753453	-0.031772429	0.827717661857605	-0.8098297715187073	1004269074	776698947
564	5.9243265	-0.86934023	1.879404	261.524	2.4891044	2.0523166	-0.033170342	0.028288848	6.057981967926025	2.550891399383545	1013564047	183075428
568	6.002164	1.1587567	2.9590777	348.39774	1.4284108	1.420122	0.045792471	-0.061764334	4.194145679473877	-1.8745449781417847	1009211025	339513540
588	6.1793294	-1.0586067	1.6060316	259.39953	2.2459943	1.4682603	-0.043820536	0.09609214	4.89802885055542	-1.4566868543624878	1026164920	41271806
593	5.3504014	0.67241471	1.5031451	289.17933	1.6626468	1.5985388	0.081429228	0.075785115	3.084561347961426	1.4213881492614746	1002248952	431334019
595	2.6281548	-0.68541831	2.8203825	260.35005	2.497639	1.5895596	-0.096563299	-0.11606627	4.407500743865967	0.570422887802124	1016880978	237922311
597	1.945415	-0.22953921	1.071389	348.87571	2.7531215	2.6799654	-0.0060698271	0.13865612	2.8100643157958984	-3.022712230682373	1015027185	668955922
623	4.2005184	0.74689065	2.7490041	544.00063	2.3875203	1.6985124	-0.23645284	-0.0708346	0.7858620882034302	-1.6450295448303223	1018519728	520356059
625	4.6103201	-0.72769659	2.986707	197.66904	2.3759804	2.3090293	0.15370989	0.017533632	5.247532844543457	-0.7163235545158386	1027498489	846757889
634	2.1539093	0.46768821	2.6642966	422.8525	1.6012009	1.3555989	0.22952086	0.13104043	4.066648006439209	2.2892746925354004	1003472637	975765705
644	0.36709956	1.1305896	1.7316348	256.82567	2.5241015	1.5234268	-0.065681666	0.10653496	3.187941074371338	1.3048313856124878	1025864820	941786647
647	5.0218813	-0.33800337	3.0524978	916.19661	2.7536196	2.5743016	0.27170586	-0.10911134	3.271348714828491	0.3531091511249542	1001855216	837519050
649	6.0604071	-0.47755148	0.2346249	565.25752	2.1143846	2.0605012	0.12590644	-0.20693068	1.388464093208313	2.1310951709747314	1013234487	304788589
688	4.3550949	0.74168988	3.100806	617.91468	2.6749796	2.3293909	-0.046376808	0.091840333	4.599814414978027	0.442939430475235	1026704541	347637653
689	0.4478032	-0.9439542	0.7871509	337.42333	1.909532	1.3136837	0.094184211	0.019815405	2.6710104942321777	2.4377684593200684	1002840760	939445853
700	5.3197008	0.44987752	1.3553502	249.45956	2.5772404	2.1751017	-0.18261115	-0.0016656482	4.652714729309082	-2.180283784866333	1025428017	170235872
737	4.1521491	0.78223604	2.5512574	658.63965	2.0276397	1.8433069	0.010310903	0.0025493089	3.0310912132263184	-2.8041787147521973	1017411864	935262442
742	4.6767594	-0.55385234	2.2643729	369.33274	2.4871145	2.3873522	-0.020414089	0.0043055367	1.5052611827850342	1.0982030630111694	1028053246	321388
746	1.0604796	-0.73797748	0.52439052	904.53126	2.9153035	2.6002743	-0.061767886	-0.33820394	5.863016605377197	-1.3430308103561401	1001030826	322240353
753	5.7863903	0.85619391	2.0043294	344.31744	1.5779978	1.4887421	0.06893294	-0.23200666	5.802387237548828	0.4360086917877197	1025523646	81713200
764	3.6255915	-0.89508754	0.41981093	1060.312	3.1445037	1.8992574	-0.00080596935	-0.15887367	5.869243621826172	2.9861319065093994	1014262845	89758515
784	0.22449393	-1.0617218	1.7159071	255.04894	2.1389158	1.6040059	0.07740346	-0.070456258	3.600769519805908	-2.293947458267212	1030145907	805175662
795	5.0307377	0.2230838	2.6239343	196.50657	1.5276304	1.3936348	-0.04281332	0.010360313	0.9921470880508423	2.004126787185669	1000491950	10335565
802	3.3970638	-1.1646312	0.70779116	923.47214	2.983088	2.2461603	-0.31477586	0.0697567	2.133265733718872	-2.2427186965942383	1022420132	709604383
806	1.5994318	-1.4123761	1.31975	173.41323	1.9683365	1.8030303	-0.098512037	-0.03878112	5.010069847106934	1.3488787412643433	1027263266	197885990
816	5.52101	0.74576328	0.84950818	418.07627	2.5296231	2.3778342	-0.084373448	-0.13886103	5.799107074737549	1.434513807296753	1001980771	8471370
839	5.5869995	-1.3344031	0.8992303	648.54851	2.1822345	2.1210073	-0.1031122	0.19901087	5.147083759307861	-0.5151174068450928	1000508102	240951300
859	0.83288314	0.46881203	0.89334737	514.11798	2.3494651	1.486287	-0.013971362	-0.032726985	4.291792392730713	1.0761959552764893	1027680463	246533394
868	5.065992	0.1265409	2.3061831	215.07399	1.5427216	1.2989822	0.044062325	0.0077883021	3.468600034713745	2.4612743854522705	1030381348	870916843
872	2.5644358	-0.86559344	1.0250332	795.52527	2.435966	2.0144482	0.18138811	-0.0040458991	3.5614328384399414	-1.5720815658569336	1010782729	945747256
873	6.1656293	0.11676505	2.9414995	575.62792	2.5205918	1.8826444	0.0024436193	0.032728997	1.8123033046722412	0.1290203183889389	1025100856	808237314
874	5.7062019	1.1148787	0.41496866	959.7993	2.6065867	1.7727703	0.010412892	-0.0020384386	0.4708040952682495	-0.3367651104927063	1005265025	776481986
884	5.8650421	-1.1335024	0.81738826	667.37657	2.6810822	2.4846844	-0.051532218	0.035472621	5.159818172454834	-0.42947816848754883	1027458244	453061581
889	4.5398199	0.9237829	2.2036466	642.25449	3.2980133	2.3324795	0.15231199	0.094536965	2.95798397064209	-1.3791314363479614	1009219481	87948680
906	2.2247078	-0.93296318	0.71432233	516.6283	2.5233855	1.6460988	0.0080667707	0.11608197	1.2047213315963745	0.1839228719472885	1023265536	720513940
913	1.558052	0.5771233	0.73504983	525.71481	1.8322946	1.3074405	-0.15811485	-0.013444629	3.22053599357605	3.004237174987793	1019424145	788195848
917	0.77556934	-0.31091208	2.7428101	297.16915	1.5656379	1.5626161	-0.06424409	0.011895156	3.4539878368377686	-1.0761398077011108	1011891115	50224662
929	5.2056334	0.21977524	2.324912	439.36239	2.3656862	1.5191736	0.067798435	0.075481056	2.6788322925567627	-1.9754277467727661	1006810389	569670200
932	1.2233969	0.33322751	0.50364811	603.87333	2.518416	2.4104886	0.0019643765	-0.11006923	0.17002302408218384	-1.2321888208389282	1014786468	467941523
939	2.1283568	0.058699938	1.7229963	244.53092	2.2794946	2.1183242	0.014205917	0.0035056645	1.603626012802124	-2.662599802017212	1021147075	610195994
940	0.15688496	0.32872497	2.6143511	450.51662	2.7819866	2.1300064	-0.0040263938	0.17820975	0.1851724237203598	-2.393552780151367	1024752840	219191074
945	0.58040416	0.66729765	1.0341158	151.39772	1.7974395	1.3429643	-0.078801397	-0.19603881	5.181148052215576	2.3454270362854004	1000375814	266087890
954	3.5179004	-0.86875363	1.3592922	159.05576	2.3104343	1.4973333	0.20393206	-0.13805125	1.019232988357544	-1.6005829572677612	1019966514	498784065
976	5.7553775	-0.63744079	1.3326428	261.28032	2.0071954	1.9888076	0.024446749	0.24123835	1.8967835903167725	1.6955406665802002	1029701306	189139128
977	1.2644251	-0.42840623	1.2632257	290.61797	2.7598846	1.7576103	-0.054009735	0.10288694	2.6915388107299805	-2.18698787689209	1014736307	958240986
988	5.9125699	-0.53279142	0.52352679	234.66073	1.4334469	1.3711566	-0.16765595	-0.064976833	4.375832557678223	1.5296013355255127	1010629619	99204540
1000	0.99848835	-0.11539904	2.6879434	217.51877	1.2740725	1.2413604	0.18991232	-0.050393945	4.117147445678711	3.111837387084961	1007879141	256785393
1002	5.1835902	-0.55549142	0.6062863	442.44869	1.687364	1.5775728	-0.10487447	0.088653961	2.0686233043670654	-0.7338433265686035	1010140830	184205055
1007	5.1658515	-0.24562761	2.5947727	661.64279	2.170792	1.8030839	-0.098528232	-0.010274037	3.6825289726257324	-0.9361208081245422	1019270788	713151217
1009	4.8171439	-0.37674425	1.9002952	405.8787	2.381945	2.1940014	0.16659126	-0.0035063011	4.85110330581665	3.054075002670288	1001762136	823852539
1017	4.376446	-0.62188858	0.65351432	323.34277	2.1813995	2.0223556	0.038044547	0.041431832	4.33683443069458	1.6915411949157715	1023048386	750185728
1020	3.807421	0.46045812	0.60916471	438.87212	1.3846063	1.3476593	-0.28325066	0.11249002	1.7186018228530884	0.8238438963890076	1023164198	354133248
1030	5.4781417	-0.70068447	0.69998634	468.24055	1.5064078	1.2532373	-0.054836251	0.0016107502	5.492700576782227	2.3479340076446533	1003921424	642439008
1032	2.3000277	-0.43915514	0.85398545	286.96316	1.4844327	1.3516623	0.0080952944	-0.04250115	0.1703777313232422	2.7713937759399414	1013442559	141684413
1064	4.0396711	0.38596362	2.5912285	469.91377	1.5738573	1.5288514	-0.010867628	-0.046023378	1.625803828239441	0.21000514924526215	1009590566	389808297
1068	3.3752218	0.38188434	0.75814954	121.39648	1.754105	1.4035017	0.12823941	0.061414567	6.2410736083984375	0.019553152844309807	1004323620	381927490
1096	1.5676436	0.31318439	2.2704436	334.68548	1.5708564	1.2011061	-0.28985612	-0.054641706	0.7969799637794495	-0.18961334228515625	1001766034	369143844
1104	5.8859188	0.80906193	0.56578982	991.77174	2.5816646	2.5608631	0.085565064	0.0463583	6.200406074523926	1.0969494581222534	1025174318	925518751
1105	3.5805459	0.99729466	2.4920764	505.81492	2.9660177	1.4161156	0.06011261	0.041791623	1.4286861419677734	1.9246429204940796	1030854176	825765848
1121	3.1177307	-0.57685072	2.5878992	546.79462	2.7665432	2.3813796	-0.012190202	0.064674136	6.2447357177734375	2.945289134979248	1014224936	754084229
1129	5.4165856	0.87652305	0.41166079	607.5431	1.9620722	1.9018361	-0.053380118	0.010589408	1.3043887615203857	1.959743857383728	1003045396	308459401
1136	0.4658856	0.90724728	2.3914575	274.88012	2.4912576	1.5418929	-0.060248175	0.26679987	5.742342472076416	-0.8260965943336487	1031209131	4055262
1144	5.8272153	-0.10427357	0.20193741	447.49062	2.5465964	1.4622848	0.036105245	-0.19593397	0.12225755304098129	-0.04203089326620102	1001537949	842713594
1145	0.64420024	-1.5244386	2.9758532	649.97533	2.768337	1.665542	0.05073633	-0.031989914	0.5960312485694885	1.316083550453186	1018567761	635258198
1146	4.7855098	-0.26717794	0.37773164	1224.1417	2.7197825	2.115697	0.034619177	-0.081141908	5.6926655769348145	1.5838418006896973	1014691682	988315940
1148	1.8025028	-0.89318923	2.9398608	607.89955	1.7435954	1.6167619	0.038879707	0.086318427	3.7109737396240234	-2.3502728939056396	1000945279	484087586
1158	5.3502236	1.2317682	0.90514657	1012.3169	3.0840251	2.8332216	0.37234165	-0.25879476	1.9670023918151855	-1.8300782442092896	1013093011	262867928
1179	3.4529432	1.0188037	2.5195036	629.52456	2.1030336	2.0110187	-0.067844541	-0.059354456	5.019829273223877	-1.842827320098877	1000596544	292896509
1183	1.8581679	0.0157684	0.2773876	225.82229	2.0512336	1.7339023	0.066301879	0.0017115207	2.96098256111145	1.8323681354522705	1005904519	594259620
1202	1.7060581	0.42864084	0.56431223	606.81444	1.9529992	1.8567364	0.039456376	0.25770653	1.848638653755188	2.4849510192871094	1003758382	223850846
1210	1.9435836	0.532535	2.9811649	203.76315	1.5927639	1.4737248	0.33274063	-0.0085799933	3.8936550617218018	2.2937328815460205	1006803757	293229699
1224	5.8018064	-0.37665511	2.2734345	221.48087	2.5481941	1.8595064	-0.1089553	-0.032074543	4.565156936645508	-0.493412047624588	1015106216	652979970
1230	4.2176037	1.0256998	2.5155717	1002.7766	2.6175866	2.3923489	0.11350498	-0.039663415	4.205461502075195	-0.8711950778961182	1024723977	507932663
1233	5.6366846	0.042518473	1.000613	572.25849	2.6686071	1.9154874	-0.14450031	0.044595855	1.1361205577850342	-0.8025479316711426	1010268023	73593736
1234	4.1503919	-0.26986597	2.7430002	502.40455	1.9808074	1.8013185	0.36083935	0.016931626	4.666991233825684	-0.5072546601295471	1017354723	740908742
1235	6.0113359	0.32939432	2.6416439	510.03524	2.7587852	2.0939541	-0.026842537	-0.070933205	3.3216400146484375	-1.079307198524475	1022389843	14180303
1247	5.0245689	0.41500095	2.3264252	639.36601	2.2480445	1.6423522	0.02508917	0.0046576661	2.6120355129241943	2.4001388549804688	1018003438	552289844
1249	4.9437302	0.7539296	2.1166271	214.23613	2.3149954	1.64242	0.060378535	-0.1302031	1.5820856094360352	3.0815207958221436	1030316234	596843481
1255	5.1681034	-0.38011901	2.5895066	268.12979	2.4279853	2.1487993	-0.016090719	-0.23112874	0.3592715263366699	-1.2459907531738281	1004140745	807139874
1278	1.1611656	-1.0445231	0.90215882	243.03413	2.5614177	1.8569113	0.0022533831	-0.32876742	2.6562697887420654	0.6084539890289307	1016126399	544198394
1285	1.3761451	0.85463459	0.53580575	519.02983	3.2789681	2.3562328	-0.17492942	0.25198176	5.641164779663086	-2.7270829677581787	1009281076	530851722
1288	5.2586311	0.33955527	1.4063794	80.146765	1.6070438	1.3553268	-0.10325601	0.0042281483	0.43837112188339233	1.1823831796646118	1025509895	526529431
1297	2.6532576	-0.91927458	0.89115629	403.00711	1.9534369	1.3972831	-0.087576906	0.15076785	0.26989036798477173	2.0864694118499756	1015025488	339047432
1307	0.62066559	0.3458257	0.89951696	531.37794	2.7043728	2.5130125	-0.014390572	-0.00067368151	1.1149059534072876	-0.6965258717536926	1008859585	917853713
1316	4.2661523	-0.53926795	2.4802936	213.77179	1.7077964	1.2392008	0.008653727	-0.015217107	1.31479811668396	-0.5610268712043762	1019719456	515100598
1342	0.28269089	0.66756321	2.8275884	437.13211	1.5464318	1.4392971	-0.029334982	0.17426608	1.0702342987060547	-0.9605588912963867	1027936749	692999959
1351	2.7886657	-0.57052756	0.75811146	716.23176	2.3094221	1.8029108	0.0072884468	-0.050864802	1.6118284463882446	-0.9051036238670349	1001653339	297891855
1359	1.8447614	0.052511302	0.67383594	695.31309	2.8694958	1.3414459	0.41179142	-0.027565401	1.856492042541504	-1.0506536960601807	1005041989	253343463
1374	4.0092406	0.85994177	2.3820179	525.16456	1.8729009	1.7990527	-0.11687497	0.172573	5.778367519378662	1.1783246994018555	1025384782	895308614
1378	4.4374088	-1.016525	0.53954658	514.00436	3.0437712	2.4455058	-0.070792684	-0.044955051	2.390540361404419	2.208404541015625	1016651495	728921652
1409	0.058770081	0.064254459	2.9935223	954.7359	2.3927764	2.3400921	0.079477243	0.12138896	1.1858835220336914	0.4153957664966583	1011663918	385461807
1420	0.92100623	0.75430823	2.60021	528.96965	1.6207215	1.6099011	0.24185825	0.34668427	5.536279201507568	-0.16532206535339355	1030521173	606016159
1428	5.7227539	-0.12869128	2.6105816	219.74291	1.9031661	1.2669679	-0.074685104	-0.2228839	4.430534362792969	-0.3799206018447876	1011360761	151767850
1440	5.6663166	0.76607326	1.3349938	169.85399	2.0144882	1.9584514	0.053815803	0.0024179292	1.1026111841201782	1.02715003490448	1026360693	710413694
1449	1.8455855	-0.028277058	0.81085298	358.0602	2.5848396	1.3673301	-0.01269739	-0.020344195	4.729073524475098	-0.11184713244438171	1019644380	558511138
1451	3.5745119	-1.388954	0.20851994	418.38637	2.8074526	1.9338848	-0.12993026	-0.22681785	2.662229061126709	-1.9276790618896484	1011500563	185699582
1458	4.6605849	-1.2968143	0.71012957	427.18957	1.8688951	1.2696185	-0.032219153	0.084168155	3.907731056213379	2.435227870941162	1011601936	62849760
1460	4.4044507	-1.2438625	2.5430356	593.93759	2.8967582	2.2233711	0.187435	0.04844563	5.265992641448975	-1.2910897731781006	1023754555	479716897
1469	1.4294651	0.25793589	2.053627	373.69692	2.3169886	1.9843174	-0.0073368586	0.038440777	5.617897033691406	0.43384870886802673	1003475146	159729958
1473	1.0310745	0.63986894	1.3920111	269.70616	2.5195806	2.3399144	-0.15090847	3.2124006e-05	3.6610124111175537	0.8498793840408325	1007743456	560608149
1490	3.2863088	-0.34478848	1.5442047	162.66298	2.125561	1.8890387	-0.28590571	0.19400374	0.36455580592155457	0.1559980809688568	1020882794	572760820
1494	5.5789414	-1.0471449	2.2986898	489.00865	2.2447442	2.0807592	-0.054760524	-0.0055259854	0.8130941390991211	0.5913233757019043	1004024243	569315791
1514	1.5383272	0.66095415	0.31268987	559.84521	1.9423198	1.9367181	0.028901053	0.050194644	4.571568489074707	1.3708384037017822	1018842571	104997158
1519	0.88071199	0.69373723	0.75571341	118.99783	1.7137513	1.4629261	0.0082922494	0.18928428	3.9946537017822266	0.3764249384403229	1006215037	418568134
1538	1.7447704	-0.41843567	0.30795067	437.24872	1.5469649	1.318432	0.0077093293	-0.075601032	0.31247779726982117	-0.077494315803051	1016387123	777667284
1539	5.4041327	-0.86218028	0.52020889	220.90714	1.7867344	1.6256791	0.13606468	-0.20500811	1.9533944129943848	1.0086164474487305	1010823681	992724776
1565	4.0660346	0.10069731	2.8577433	336.58689	1.5926828	1.4101225	-0.03136067	0.056016518	0.15136559307575226	-2.4311869144439697	1016827500	815238595
1567	2.3138404	-0.21525219	1.2574531	154.97738	1.2318251	1.1608964	-0.083386946	0.19361977	3.072813034057617	0.7698862552642822	1026553262	470580935
1572	6.0821678	-0.1375673	2.3895377	207.48108	2.2427632	2.1681605	-0.029723954	0.00041895639	6.16401481628418	0.6104902029037476	1029328076	95200419
1576	0.20268209	-0.88420376	2.3968648	696.71147	1.8226892	1.4067711	0.033840701	0.09591227	5.401993751525879	1.5876730680465698	1023503489	403301120
1606	1.0285218	0.88012909	2.8299982	822.27134	2.6752593	1.9958709	-0.014968366	-0.038542756	6.212034702301025	1.6701390743255615	1028564962	233444095
1608	2.1194976	-1.4270469	1.0883731	295.20053	3.0037537	2.4633945	0.048279272	0.0015458965	5.8119096755981445	-1.2059580087661743	1016932847	164891601
1625	3.0420788	0.29835246	0.1433039	676.70951	2.8674438	2.6232497	-0.27517311	-0.040500494	2.489626169204712	0.7037239074707031	1005895037	521417618
1630	4.3328473	-0.53621259	0.47016833	1074.4561	3.0652399	1.6263073	0.035176946	0.1469004	5.292530059814453	1.765147089958191	1007610295	38465381
1654	4.9531116	-0.10480623	2.1512407	435.84466	2.1806457	2.0064014	-0.018014033	0.03862268	6.022253036499023	-0.21783378720283508	1017887068	431746244
1683	1.0449098	0.91278209	1.2310914	604.67564	2.6139162	1.8840837	-0.018198531	0.16151202	3.172170400619507	-1.8959671258926392	1009162017	447887063
1691	3.8863079	0.9198891	2.2069249	390.53859	2.2040124	1.7193841	0.061690936	0.088243246	4.571335792541504	-2.391209363937378	1010955684	449682474
1709	1.4001808	0.6716376	2.0817718	422.02172	1.8448008	1.7978954	0.037428264	-0.36140126	0.3155055344104767	-1.9219212532043457	1030635137	720194340
1720	1.7329899	-0.87362157	0.8543684	444.88896	2.2365942	1.8014947	-0.032257682	-0.17560645	1.5952255725860596	-3.0058248043060303	1028246962	669765711
1737	5.3483157	0.021728665	2.5367324	426.16249	2.597001	2.5423543	-0.078029683	-0.092276036	5.042036056518555	0.586481511592865	1001915379	620558977
1746	2.104411	1.2317206	1.5356856	196.73212	2.3076982	2.2670046	-0.1644628	-0.11017463	1.0730048418045044	0.2777514159679413	1029965836	684334040
1749	2.3139156	-0.42454032	2.4823763	616.98031	1.7546875	1.4911335	0.05638027	-0.21831667	6.2778120040893555	2.5985937118530273	1016293696	410470366
1751	1.2739749	0.951561	0.79538862	451.20919	2.7265872	2.581243	0.03764159	-0.039781585	5.802019119262695	1.4693760871887207	1026834148	914783120
1755	2.7443823	-0.35033801	2.7549409	1057.6232	3.1961685	2.319781	0.013549125	0.16721792	3.7877674102783203	-0.31491994857788086	1025169262	224305749
1764	0.27323478	-0.52040591	2.0895913	589.30297	2.7158559	2.6908806	-0.07248269	-0.065950534	1.5080369710922241	-1.0912163257598877	1011609530	80318689
1767	5.0200071	-0.73069027	2.3464154	226.01291	2.0719002	1.5515336	0.0039237736	0.21409455	6.033982276916504	1.8633042573928833	1010410038	660855412
1768	6.2174784	0.68551425	0.077317561	1040.5001	2.5876039	2.1260477	-0.00079717826	-0.00097724534	2.165576219558716	2.97753643989563	1008629289	518981576
1790	5.6218918	-0.72773425	0.30783918	1051.222	2.9160584	1.4901095	-0.0053305854	-0.0088973278	4.634904384613037	2.953190803527832	1018913284	233483434
1791	0.72449459	-1.1197404	2.4745977	605.33651	2.7866182	2.3122527	-0.068953409	-0.24170871	0.7816362977027893	-2.936699390411377	1012563795	11807919
1799	4.8453858	0.8303618	0.50073082	521.32018	1.5185085	1.4884723	0.10495833	0.3156119	3.528132677078247	-1.4706151485443115	1006123482	347047448
1828	3.7348201	1.0422059	0.89939678	614.93094	2.4515602	2.2825237	0.14279337	-0.044249468	0.8898888230323792	-3.0229601860046387	1028168227	969997525
1834	5.604978	0.4003862	2.3704318	425.20844	1.5874297	1.425691	-0.099938305	-0.049448896	4.811931610107422	-1.5359220504760742	1000620476	453590274
1841	0.90764398	0.10643579	2.0119016	423.00715	2.7239261	1.4182471	0.070403539	-0.034043688	0.7771068811416626	1.584776759147644	1005342351	949976683
1846	5.6781295	-0.61783497	2.432043	243.20288	2.9049495	1.9606277	-0.090841198	-0.068436497	5.027285575866699	2.4421608448028564	1001593304	726042509
1860	1.1479004	0.20274052	0.46611601	689.05172	2.0090513	1.4492101	-0.29069901	0.13121242	4.639922142028809	-1.4575941562652588	1020544685	262354612
1871	1.2880272	1.0456438	2.8626611	665.45781	2.5567098	2.3916392	-0.033338928	0.028064505	1.810477375984192	1.6314078569412231	1028547703	985597253
1872	4.6941615	0.22125918	2.5043594	1014.8371	3.2188982	2.3243706	-0.11177358	0.08130458	3.021566867828369	1.4763505458831787	1015332633	150747180
1882	0.3603589	0.23690539	2.2797495	87.421567	2.0111236	1.8236272	-0.067065985	-0.020638799	3.3669192790985107	-0.6741265654563904	1001371124	48694849
1889	4.5585745	0.072845463	0.54674102	634.75027	2.7049008	1.4161038	0.16533747	-0.0026804173	0.5549905300140381	-1.4194574356079102	1023086873	342409253
1891	4.226712	-0.10512352	0.89222305	225.97163	1.865203	1.237742	-0.1535716	-0.027191237	5.050696849822998	-1.8452101945877075	1016632635	516769171
1899	5.3336145	-0.64246078	0.95247871	435.20226	2.5324782	2.4678718	0.099604385	0.1473129	2.5773046016693115	-0.8603448867797852	1007358434	877044678
1902	0.0251977	-0.85344091	2.3070993	256.37017	2.3024979	1.2562715	-0.060966484	0.045875277	2.544020175933838	-1.9682331085205078	1016706437	470642447
1920	4.6213889	0.55833951	1.8399395	499.55608	2.225314	1.5199794	0.0042515594	-0.018684946	2.406259059906006	0.9536282420158386	1010687928	228224874
1966	5.0979256	0.68267848	0.50936063	410.42839	1.5149525	1.5024998	0.14873975	0.25112967	6.054694175720215	1.901147723197937	1028624822	908997416
1969	4.9914301	0.50666639	0.2167517	524.41497	2.3219522	1.4356666	0.087755763	-0.013633289	3.0020673274993896	1.4227206707000732	1030435682	693421721
1970	5.3209361	0.3329362	2.5266651	607.48677	3.2073566	1.7363926	-0.11934462	-0.035446675	5.789233207702637	2.946579694747925	1030697618	279180527
1976	4.0542013	-0.76078035	2.1693114	396.52244	1.9742421	1.3414726	-0.091817805	-0.077796795	5.737189292907715	0.7808306217193604	1012967924	124153733
1981	4.1110091	0.28205368	2.984701	566.49574	2.012838	1.7470377	-0.1298749	-0.10796938	4.220986366271973	2.1723947525024414	1020834847	226077914
2030	1.1213028	-0.87968434	2.7309938	280.90383	1.3334838	1.2055564	0.039951564	-0.21209532	2.469275712966919	1.4928832054138184	1020582586	429774284
2058	3.9801213	-0.99151438	2.1973362	290.40792	2.0966953	2.0184397	-0.1195801	0.13932132	0.038383640348911285	-0.9416595697402954	1009840082	376423359
2061	1.1663444	-0.17268877	0.17786558	1021.8142	2.989017	2.5573795	-0.16725223	-0.13567502	1.5464731454849243	0.08937320858240128	1008860024	511234164
2069	5.9984088	0.21721372	1.7879666	566.91949	2.8981525	1.882663	0.82517591	-0.10086501	0.8799667358398438	1.557677149772644	1000622311	721911669
2081	1.3164101	-0.0644138	2.655085	744.68128	2.2820051	2.2638806	-0.22147263	0.12435094	6.08063268661499	-1.5504873991012573	1004221048	833314300
2083	5.8873758	0.76013408	1.1296629	199.92054	1.5221394	1.2779156	-0.11472574	0.18626806	2.6265015602111816	1.936081051826477	1015965122	788879514
2088	3.4362357	-0.65260432	2.3422527	765.30217	2.4402155	1.6655092	0.036710408	-0.17332229	5.4946489334106445	-2.525386095046997	1022690572	309125423
2089	0.39731516	0.32092738	1.353421	346.02262	2.4240481	1.3977986	-0.06219508	-0.18374287	2.123112201690674	2.0997941493988037	1011748556	693442702
2097	0.11159166	1.0737754	0.85038233	482.92523	1.3585938	1.3454581	-0.033191407	-0.015399759	4.912102699279785	0.08274800330400467	1004337959	944921970
2101	4.7559345	0.093280147	0.098542035	981.45438	2.6733552	2.0422891	-0.074345663	0.026417031	1.7328752279281616	0.6108886003494263	1022838834	507506609
2107	6.0719671	0.95990034	1.6193403	173.71347	2.3521591	2.1429738	0.12729978	0.18340263	5.669545650482178	-0.11682582646608353	1020676493	931578994
2147	4.352725	-0.20932182	2.475205	291.55729	1.4249747	1.3688427	-0.094321239	0.056856151	5.893369674682617	0.6990842819213867	1029161116	809924722
2148	1.2443698	0.10124449	1.1155995	586.99476	2.9633779	2.7834297	-0.20248117	-0.28080422	3.299995183944702	1.4984922409057617	1005631290	513852477
2163	3.8925258	0.57274759	0.73167692	986.2606	2.8174431	2.0181705	-0.36746927	0.13502046	2.1721901893615723	-2.2982420921325684	1011443021	285257459
2178	2.3600956	-0.10212196	2.3242887	472.18417	2.2060587	1.9029322	0.074022941	-0.2192008	4.858180522918701	2.500274419784546	1017187779	896177173
2198	5.3986676	-0.37957607	2.8830283	319.79187	1.9441811	1.4796751	-0.087825878	-0.089833714	5.809066295623779	-1.8632488250732422	1028785719	168691516
2214	5.2875358	0.091639686	2.6791434	583.54282	2.0367582	1.7258266	-0.012637904	0.055570944	6.019434928894043	1.7770859003067017	1029000934	175636768
2218	5.9953196	1.1477781	1.8667036	272.21394	1.2822205	1.2358206	-0.033409234	0.058308281	0.5779674053192139	-2.0168519020080566	1020590822	146960139
2222	4.7658221	0.90961017	0.86144146	202.76949	2.3838647	1.6695689	-0.0053097824	0.13062367	3.1129891872406006	2.0821595191955566	1014968910	599863052
2224	3.2630706	0.53286011	2.0315102	220.85295	2.0701312	1.3173257	-0.11893339	0.23162776	2.259674310684204	-0.23235251009464264	1003507251	908306599
2242	1.7061291	0.16231165	0.8685675	437.79024	2.464852	1.8469819	-0.13251402	0.059923032	4.289825916290283	-0.258823961019516	1018948666	738969088
2243	1.3637744	-0.39944072	0.29070263	549.11457	2.2896748	1.8236019	-0.0087806696	-0.089696082	2.8843021392822266	0.6705294847488403	1018434246	615546107
2253	3.6245977	0.90728988	2.4835798	674.30034	1.5744536	1.4798732	-0.028129614	0.052896394	1.2500691413879395	0.8274423480033875	1023664545	723257899
2256	5.6668552	-0.090546085	2.4039732	694.8406	2.7374811	1.9586828	-0.0022662658	0.10599424	2.3196702003479004	-1.4295680522918701	1015739444	5710006
2260	3.1494119	-0.82152585	2.7680128	1101.7615	2.9863017	2.4214366	-0.20558288	-0.0040447344	5.842767238616943	1.3223206996917725	1009402275	830182076
2282	4.4871582	-0.87112911	0.5709266	444.5881	3.136749	2.4313688	0.030012995	-0.037560499	0.8741791248321533	2.7446885108947754	1027558701	438554525
2283	4.1621538	0.59041995	0.56475627	448.92311	2.1919479	1.5960323	0.096880588	0.32706781	1.3421218395233154	1.9275095462799072	1016353128	49150348
2284	4.6558113	-1.2092029	1.0179439	471.75585	1.374369	1.3322164	-0.35932278	-0.078400042	2.3362925052642822	-1.88690185546875	1027703378	74190378
2285	3.2777717	0.47732369	1.8783347	198.67321	1.5133735	1.2242994	0.033310887	-0.1955651	0.16366976499557495	-1.6922223567962646	1001284000	760396838
2292	5.4868468	-0.42776283	2.9022198	811.90698	3.1109691	3.0412869	0.14034448	-0.19207454	2.068243980407715	1.8627338409423828	1029956477	483805537
2310	4.8315971	0.37076052	0.48345173	113.48336	2.2538066	1.3154248	0.036797477	-0.049626518	3.6194539070129395	-0.8242819309234619	1027809107	262575746
2312	0.5517389	-0.31945383	2.3674391	738.39838	2.6877811	1.9373468	0.20381588	0.0075434566	3.168368101119995	-2.942714214324951	1002818101	146246552
2335	0.53015851	0.20821811	0.83971269	245.2629	1.8694227	1.8485413	-0.031058386	-0.015408427	6.131287097930908	-0.9074560403823853	1014982779	909182310
2341	3.5329258	-0.85538163	1.9916691	231.7134	2.2135633	1.4346037	0.1375273	0.0054836571	5.871679306030273	2.819444179534912	1031231448	336862683
2348	4.7230291	0.82785624	1.5318395	282.70573	2.9274475	2.9092867	-0.038966694	0.55881215	3.9195470809936523	-1.687252402305603	1003215449	330086231
2366	5.259609	0.84438703	0.52681903	514.46399	1.9293059	1.6270173	-0.10474074	0.1216874	1.9620583057403564	1.0355753898620605	1004832207	592290044
2381	1.1766675	-0.88652163	2.3922629	702.30379	2.4843236	2.0894064	0.061079134	-0.32278186	4.528681755065918	2.391162395477295	1004556800	859965444
2384	5.1351704	0.036381865	0.50239838	700.47326	3.0354697	1.6259289	-0.43992217	0.11135239	2.860016107559204	0.33580249547958374	1027011586	346579552
2392	6.0636713	-0.70811941	0.15407743	243.25257	1.9513691	1.5493067	0.021039765	0.17239307	3.766658306121826	2.563885450363159	1006008219	474130869
2441	1.521299	-0.3419864	2.1941861	231.55688	1.5215738	1.5143686	0.059390409	-0.0048247054	1.8916763067245483	2.4720399379730225	1000506254	703744888
2445	3.3801739	0.27641867	2.3107786	302.99797	2.0010238	1.2418833	0.20631903	0.00039129866	5.856471538543701	1.7301777601242065	1024692984	963578224
2446	2.5804445	0.031340715	2.8299704	673.17232	2.5081863	2.3967152	-0.12620272	0.15260571	0.9536499381065369	0.7780503630638123	1010225834	709155202
2450	2.3956942	1.2112369	0.30654475	117.63761	2.4617526	2.0205372	0.0028471361	-0.048884796	3.924136161804199	2.482055425643921	1021231394	408458591
2453	5.2391451	-1.3762359	0.52012663	471.72662	1.4175055	1.3112851	-0.29739824	-0.24445285	4.807374477386475	-1.769224762916565	1002362344	31223536
2456	0.082541707	-0.75667565	2.8474283	1122.9118	2.256129	2.148728	-0.26594578	0.0042103989	4.805534839630127	1.6956013441085815	1001101310	904460311
2468	5.5262749	0.29359639	0.56983896	748.08784	2.3227408	1.4212528	-0.11975572	-0.1118496	5.543665409088135	0.06482741981744766	1025429620	48256636
2485	0.38040081	-0.89353286	2.4545684	488.75244	1.3080337	1.3003726	-0.030465128	0.069002505	4.937148094177246	-1.0577385425567627	1013421226	106496453
2487	3.5525899	-0.38981753	2.5334156	287.68397	2.0310859	1.5908517	-0.006887452	-0.10066722	2.1457321643829346	-2.0435256958007812	1015038513	526510358
2496	2.4492133	-0.74253561	2.8678688	372.38953	2.2002739	1.7103545	0.0061397337	0.16665615	2.2537293434143066	-0.7422090768814087	1009249774	201434851
2546	3.3659356	-0.51532543	2.9140695	905.43995	3.3329477	2.9075929	-0.05770321	-0.10121682	4.629593849182129	-0.6509464383125305	1009664788	666729808
2555	0.10981579	-0.53539419	2.8279495	156.65875	2.3083213	1.7429169	0.20432088	-0.32181532	5.804933071136475	-1.1717169284820557	1006199959	821638703
2564	1.0351946	-0.52505448	2.5940963	294.05195	2.4566875	2.0324304	-0.14649138	0.087159512	5.863626956939697	-1.0147254467010498	1009446048	894917250
2571	1.0334248	-0.19423854	0.18115168	408.10971	1.8029081	1.3733945	0.28207898	-0.13546135	4.557154655456543	-0.7816369533538818	1007844227	433870077
2574	1.7216019	-1.0887058	1.1778074	174.04982	2.2629741	2.2282183	0.057071864	0.0053423715	5.424607753753662	0.32912158966064453	1018091341	503747702
2580	0.52886956	-1.0294383	2.8743569	1184.4541	3.4195395	2.9160032	0.16160679	0.037766707	2.5022246837615967	-1.9552333354949951	1014532427	388583422
2596	5.1345303	0.28801032	2.844414	216.15501	2.3077978	2.2260803	0.07562542	0.015475424	2.5445005893707275	2.4084320068359375	1005975775	927525163
2606	0.22617272	-0.47506487	0.33851533	446.34289	2.0629217	1.7160652	0.1530275	0.0056766234	5.327170372009277	-0.38455435633659363	1027222890	173633695
2613	5.5316993	-0.58082754	0.58239979	875.77574	2.3672516	2.1529844	0.049683488	-0.016188701	3.275465965270996	-2.7829346656799316	1020481773	924156547
2620	5.4537721	0.7534396	0.61465207	767.8574	2.9134877	1.7721959	0.062893382	0.036925811	4.647866725921631	-2.4822473526000977	1017345865	596577168
2641	5.9125921	0.8837983	2.5521915	582.07442	1.8914953	1.5342518	-0.062021495	-0.096547433	5.736303329467773	-1.7088932991027832	1000026931	595262766
2653	4.2644342	1.194071	0.94135031	379.08964	3.0944809	2.1711947	0.16395483	-0.15290161	2.370952844619751	-1.758744478225708	1007423255	115411282
2655	4.4986764	-1.0076797	0.6487214	354.30585	2.5596756	1.4068643	0.20090112	0.11767495	5.520824909210205	0.4178694784641266	1018295865	644723773
2690	6.199683	-1.0253706	0.28014989	611.56733	2.4920663	1.5090437	-0.019251122	-0.010131221	1.4853575229644775	-1.8015317916870117	1008611684	895181656
2692	0.63831926	-0.36846994	1.1737649	280.2866	2.7754503	2.0041654	-0.40781083	0.01691877	0.8905511498451233	1.0489839315414429	1030925767	716099143
2693	1.4307079	0.96796501	2.7073554	190.78763	2.5017144	2.0331589	-0.0099612806	-0.018869435	5.5455403327941895	3.0324041843414307	1016314402	36352873
2703	3.133087	-1.169251	2.7747349	634.3845	2.5211057	1.9034408	0.081792267	0.017232346	2.9538869857788086	0.7674397826194763	1013015576	393659353
2707	4.2977307	0.88675022	1.816353	240.65204	2.1575665	1.570325	-0.039532809	0.11805882	2.3045144081115723	2.2588374614715576	1000277365	966259956
2719	2.6667663	-0.1647957	0.86666836	642.94	2.7739353	2.2452646	0.18460639	0.061698299	3.513322591781616	1.609082579612732	1026383254	728349447
2732	4.9830636	-1.1322356	2.1048215	387.37847	2.303696	1.781733	-0.17253337	-0.083270169	4.7017292976379395	2.4311699867248535	1005649653	848550439
2733	3.3882199	-0.39512057	0.69455147	742.36448	3.0392232	2.9475218	0.58843026	-0.016576479	2.9925901889801025	-2.222947120666504	1027510496	554993272
2748	5.6106768	-0.60922579	0.6209888	562.89013	2.2069016	1.8319971	-0.32180719	0.16455016	4.009186744689941	2.20622181892395	1019936217	974974632
2761	3.0210491	0.11696089	1.829708	183.99228	1.8487305	1.399845	-0.050399949	-0.07806496	5.6961140632629395	1.5736395120620728	1008568388	134535432
2772	0.46563402	-0.74231419	2.4581028	258.11123	2.1232697	1.6000234	0.074362324	0.021058687	6.053951263427734	2.0367817878723145	1000701593	799992561
2780	4.9437108	1.0440083	0.58152756	293.23054	2.8819214	2.4011262	-0.52561503	0.019001583	1.8448151350021362	0.08998345583677292	1029115377	496917963
2786	5.3603424	0.84937099	1.2058893	517.66111	2.0628705	1.3523615	0.037893538	-0.042924591	0.8930810689926147	-2.2821030616760254	1010095484	144757628
2793	4.753324	-1.038312	2.4205579	255.3052	1.7671458	1.3234711	0.067773026	-0.0039193795	0.1535348743200302	-0.4207412600517273	1022776519	867766619
2796	3.3868371	0.74771719	0.59651787	1163.7066	3.119778	3.1158048	-0.43210061	0.018533162	5.175441741943359	-2.6249773502349854	1013406424	60207129
2798	4.9635336	0.51398966	0.99324305	173.60481	2.520634	1.8091324	-0.010319192	0.088595851	0.14490903913974762	0.2315899133682251	1027495511	728949189
2805	5.8727221	0.41425323	1.182494	180.59798	2.0561043	1.9450893	0.094407508	0.07959392	3.3057754039764404	1.1774487495422363	1018867635	534950972
2806	3.2617651	-0.75696282	1.9272882	454.17555	1.9527972	1.7790431	-0.11151383	-0.083623132	4.980138301849365	2.2256836891174316	1011133187	175646305
2810	4.0562324	-0.45680935	0.90423589	248.26885	1.7686056	1.6642118	-0.011421127	0.0125013	1.2232307195663452	-3.087237596511841	1012929936	26467681
2825	5.2458212	0.97546698	3.0029379	336.07029	2.4454261	2.3622753	0.057475311	-0.018051485	0.6367896795272827	0.6975619196891785	1005853508	521897435
2836	5.8800753	-0.43799511	0.51338033	550.00075	2.9883096	1.6044524	0.49115553	0.17077936	4.833322525024414	-1.6576155424118042	1023053853	789684772
2854	1.889993	-0.94893169	0.87151313	611.72885	2.5463497	2.0687074	0.27862675	-0.29124189	5.017240524291992	-3.141568183898926	1022994819	852767348
2874	1.6181569	0.45173565	2.3026392	218.16021	2.3732644	2.3620356	0.13147092	-0.23955331	1.5502394437789917	0.3324456214904785	1023141810	905129790
2879	6.0215215	0.59982914	0.70039051	863.2025	2.8785205	1.9732417	0.0018608483	0.25622929	3.2567527294158936	3.015739917755127	1000610113	550191879
2892	5.5709767	-0.60087552	0.45287553	675.87346	2.3853309	1.6794578	0.050452664	-0.027752498	6.267658710479736	1.8917280435562134	1007364380	88300943
2902	3.9648326	1.1499004	0.5217395	996.70991	2.9476214	2.846174	-0.034098313	-0.044641782	6.177667617797852	2.3770089149475098	1029976918	825932026
2906	1.8439086	1.3103602	2.3044461	271.75899	2.6900014	2.5207474	0.33375115	0.35664994	2.3015999794006348	0.737709105014801	1014000710	706311345
2909	0.50167923	-0.047361094	2.2877503	325.43262	1.4217037	1.4055782	-0.043302004	-0.31811117	2.4815444946289062	2.7169463634490967	1030015231	579219460
2910	3.5346405	-0.03865754	2.6575798	232.24407	1.4683879	1.4272458	0.035044015	0.12070955	2.9024996757507324	2.366265058517456	1024941080	627866983
2912	0.33022072	-0.09570695	1.017055	91.108125	1.9803246	1.8814259	-0.16427544	-0.19096026	5.027459144592285	-0.5161209106445312	1020369623	767841458
2922	6.1405432	0.10626306	2.7112264	215.52038	1.8638612	1.3691562	-0.17529829	0.071988562	4.048725128173828	2.3823044300079346	1004159666	762424350
2942	4.5708733	0.98661396	0.56975152	424.26089	2.6069352	2.2066323	0.11022431	-0.20584532	2.6209869384765625	1.4451433420181274	1018371267	576478362
2949	3.5585942	1.4054017	0.24468464	498.44703	2.2398997	2.077173	-0.0098101491	0.0009783202	1.9858794212341309	-0.5762945413589478	1010531128	301362872
2952	2.1840546	0.86366723	0.40695325	417.71273	1.9027243	1.2929291	-0.13587878	0.20635379	6.099853038787842	2.657538890838623	1020219030	793193817
2969	4.4905265	-0.30444877	2.488111	442.06677	1.7626747	1.3766803	0.10247989	0.1154753	6.235384464263916	1.291546106338501	1002372851	323440194
3000	3.8374593	0.84740933	2.4454035	377.30877	1.737777	1.432373	-0.069925907	0.0071167076	3.4544670581817627	2.506704807281494	1005482757	173118114
3001	4.8932156	-0.11101226	2.1749337	396.88364	2.1870364	2.005927	-0.20715393	-0.10496134	2.850090503692627	-1.7629565000534058	1010345039	125077248
3003	0.8471614	0.016836239	1.4195833	91.104735	1.4700811	1.2266436	0.076482351	-0.080528884	1.9785231351852417	-1.398686170578003	1004326866	476065755
3008	0.12028456	-0.25230182	0.74000548	483.50824	1.840935	1.3865932	-0.084267112	-0.029010855	2.270268440246582	-1.843450665473938	1003510232	741233349
3016	0.91555365	0.14069836	0.5206599	302.64827	1.380647	1.2904759	0.12261818	-0.071953423	4.6048102378845215	2.519010305404663	1018910035	639153004
3017	3.2203335	1.1816222	0.15246465	453.31626	2.8481968	2.1780579	0.40979162	-0.0028517547	2.716790199279785	-2.902517080307007	1018612744	747240424
3025	2.5510566	-0.37183119	0.60890132	239.88605	1.9311657	1.8712194	-0.059991508	-0.055804224	4.999407768249512	-2.097358465194702	1006594719	608128667
3040	3.229972	-0.54111362	0.3948827	717.9377	2.6371329	2.3643509	-0.006124184	-0.15547685	1.5782891511917114	0.9502394795417786	1018017742	491919756
3041	5.6793715	-1.0937095	0.42560323	629.23999	2.3103714	1.982951	0.016393406	0.078764962	3.513986825942993	-2.0836596488952637	1017295767	782884240
3042	0.12692526	-0.92535465	1.4064272	200.01237	1.3110421	1.2579823	0.1442814	-0.071433851	5.823011875152588	-2.1528308391571045	1000913286	333073616
3044	6.1599071	-0.63943822	0.33550838	743.84591	2.2276388	1.6502521	0.13904709	0.066364742	6.161966800689697	-3.0098941326141357	1018576714	686302423
3051	5.5905414	-0.75090351	0.30424203	865.43838	1.984913	1.5092554	0.21639891	0.072719437	2.879457950592041	0.2519824206829071	1009271227	966057539
3055	4.6888494	-1.1862241	1.8828389	379.38713	2.2698103	1.6876446	0.047601257	-0.053869509	0.26833903789520264	-0.7818701267242432	1029341819	19381404
3070	2.3784859	0.25351372	0.68841728	95.515436	1.358127	1.2712146	0.053794401	0.28894358	1.2868622541427612	1.9291564226150513	1004139002	609464049
3086	4.1975356	-0.25226527	2.6771664	481.61554	2.2578949	1.7110365	0.31603005	-0.36391757	1.4717715978622437	-1.9648929834365845	1000338022	515612245
3098	0.16871451	0.45081007	1.9120578	220.6551	2.5000746	1.8559599	0.021211371	-0.0025958925	3.298276901245117	-2.1090891361236572	1009115612	221965551
3122	1.9315632	-0.46626489	1.632007	119.35013	1.5839648	1.5823141	0.104641	0.064874	5.918760776519775	-2.018839120864868	1015666059	851081729
3128	4.4676419	0.74155163	0.54204222	580.8941	2.4784237	1.9519591	-0.24647847	0.033574079	2.8193728923797607	-0.186343714594841	1002323138	172991395
3151	4.4529192	0.57937195	1.9587894	624.41315	2.9896166	2.6078386	-0.39653473	0.17233932	1.3725852966308594	-0.700196385383606	1011197092	120729685
3152	1.4464351	-0.92270286	2.6111923	496.42759	2.5705338	1.8586708	-0.26597744	-0.12317791	0.5119259357452393	1.4748096466064453	1021612096	609347343
3169	4.6835698	-0.22726359	0.93838631	703.8391	2.5309618	2.3517934	0.096501825	0.13615842	2.3070478439331055	-1.8748865127563477	1019350406	742805839
3174	2.4990223	-1.4092069	0.95609435	207.22666	1.556399	1.4807651	-0.26513743	-0.2832978	5.872073650360107	-2.758676052093506	1003100642	800658345
3178	4.539576	-1.0000836	1.6456088	333.51526	2.6681888	1.667051	0.10008612	-0.32253827	1.8971054553985596	0.2913607358932495	1024360047	398530841
3184	3.4954209	0.093729958	0.98748916	82.815777	2.702046	1.4765754	-0.043728989	0.001209756	1.5357170104980469	-1.279257893562317	1029120911	465650082
3191	2.1137093	0.58579413	2.4202324	385.77384	1.9363983	1.3423778	0.12211765	0.11712328	1.6820182800292969	-0.21082143485546112	1028571109	531352401
3192	5.1798823	0.490185	2.3364326	183.83767	2.0544037	1.6693787	0.27685244	0.0020587714	1.0348280668258667	0.6559688448905945	1026571293	785510898
3201	4.0355752	-0.45265451	0.1469732	550.9971	2.8659499	2.2231495	0.064613468	-0.30073367	1.786046028137207	0.3168640434741974	1016573653	748236299
3202	0.43656238	0.95555674	2.6742428	312.25179	2.555939	2.3965579	-0.030895832	0.2101587	1.4174667596817017	2.191664695739746	1002196865	301857233
3218	4.9408212	0.93126992	0.63122757	598.39222	2.6979749	2.6196663	0.014994277	0.23834575	4.895346641540527	-0.6817218065261841	1027046791	484150529
3228	1.5926825	-0.35353597	2.0305234	531.94356	2.2183343	1.5665611	0.027183332	0.099118873	1.6542165279388428	-2.076188087463379	1014807795	784479380
3238	3.0525567	1.0034372	0.49296806	292.76192	1.5220991	1.2330557	-0.053787969	-0.14443632	4.830138683319092	2.2529618740081787	1026238562	759322405
3246	2.6929584	0.25531267	2.6046626	599.05767	2.3697857	2.0360631	-0.075439023	0.25018011	4.726757526397705	-0.2251933515071869	1018919466	117881775
3267	1.9741789	0.35921076	2.2285184	341.07251	2.0801675	1.9213005	-0.04923645	-0.0068053026	5.675042629241943	1.7912718057632446	1027273863	293220520
3275	2.8028958	1.2497319	2.6654446	635.52996	2.8182727	1.7864265	-0.26955808	-0.054514539	4.932093620300293	2.8398351669311523	1013689950	581136703
3276	5.3415175	0.97711074	0.69878625	715.7924	2.9497724	1.9542576	-0.037953089	0.31890829	3.816848039627075	0.8955219388008118	1011980088	334646344
3287	1.7439676	0.2917371	1.7489251	358.4378	2.0474963	1.9834272	0.033491727	-0.1870805	1.7373923063278198	-0.8205754160881042	1031528964	409520507
3290	2.2820748	-0.47187644	0.52117802	540.90012	1.9232365	1.5031343	0.017850497	-0.12798004	0.867950975894928	-0.558984637260437	1030074436	538926959
3293	0.0074217694	0.16467606	0.3687851	454.80575	2.3366105	1.898305	-0.16787919	0.0084955566	2.247154951095581	-0.6086578965187073	1009841834	273044825
3316	0.4532823	0.66414172	2.2123242	560.29896	2.6171866	2.2793943	-0.040175147	0.24306265	4.088341236114502	0.8125990033149719	1015101641	115224123
3336	0.26471671	-0.58824949	2.5246909	298.30814	2.7021015	2.0268271	0.31341828	-0.056597939	4.258661270141602	-0.5025790929794312	1019790108	958285451
3346	3.4814032	0.61681576	0.57330906	622.72	1.9188366	1.9031578	-0.088487289	-0.015253632	0.7152466773986816	2.6850428581237793	1019007114	921076894
3347	2.5599826	0.20624608	1.1997083	260.95824	2.8527821	2.0073782	-0.14282987	-0.28637156	3.934764862060547	1.299318552017212	1029163295	634496450
3369	1.4257877	0.79342125	2.2834774	576.09843	1.4968434	1.3953535	-0.059220684	0.080107971	2.90708065032959	-1.2559752464294434	1001241618	724837661
3370	3.9080367	-0.99538477	0.076756665	426.66142	1.9061546	1.4973812	-0.066078868	0.020705875	0.4709901809692383	-1.5529931783676147	1022859264	859682322
3379	2.6443424	-1.0927614	2.4537812	585.82313	2.9331158	2.414501	0.47229336	-0.16612995	3.7430849075317383	-1.4560277462005615	1016469400	111596465
3382	3.7780298	-0.32770858	0.39089915	605.11316	2.2465746	1.8132038	0.12163618	0.067238298	3.2105822563171387	-1.6588361263275146	1020019853	253524303
3388	1.3410271	-0.66125992	2.2932871	754.67695	2.3538474	2.3285765	-0.099896448	0.050402821	0.8387796878814697	2.3951988220214844	1021279931	84434748
3389	5.3604085	1.1118897	0.76175951	354.46197	2.0620213	1.8448467	0.16435462	-0.10352456	1.3508219718933105	-2.6517651081085205	1006484768	227526665
3392	1.7980421	0.78299995	0.06913186	375.17843	2.8300876	1.9070446	-0.060477494	0.34189731	0.6964237689971924	-1.2126907110214233	1031257533	599521399
3394	5.0036323	-0.30081296	0.099035055	648.65959	1.6196149	1.6154926	-0.23898937	-0.040173214	0.7542898058891296	-0.05624249204993248	1028649205	964008212
3433	1.7007133	0.11107908	0.70709824	639.43719	3.1615405	2.4854147	0.19667827	0.20762619	0.7631598114967346	-2.9212639331817627	1030717203	407386541
3440	3.5290533	-0.0021404391	0.54915014	432.95663	2.0895476	1.7296821	0.14635971	0.20673092	0.4087003767490387	-2.381242275238037	1001399575	418756604
3442	0.18471208	-0.36403293	0.2016333	676.17629	2.4896275	2.3427222	0.031416616	-0.27268916	0.21406306326389313	-2.2305126190185547	1012747823	987173676
3456	2.4523426	-0.19326564	2.2241925	661.2304	2.5220646	2.3717371	-0.28061646	0.11872102	0.36040255427360535	0.26873520016670227	1028959765	288706303
3464	0.37166503	-0.59228118	0.91790614	541.46808	1.599654	1.3268093	-0.07220861	0.014568432	5.7692179679870605	2.599447011947632	1017218018	864129066
3476	0.85740393	-0.47615535	1.3498474	495.4658	2.3845729	2.1524201	-0.052019219	0.36470048	0.34564682841300964	2.7586967945098877	1030666247	236233473
3487	4.2604369	0.60303677	0.62169308	513.1997	1.9663218	1.8271264	0.19388903	-0.26341012	0.23979085683822632	-2.8713972568511963	1009400968	311872959
3492	6.2337527	-0.48132392	0.53160318	535.78447	1.3886948	1.2853221	-0.076655342	-0.027849058	2.5316407680511475	1.1780149936676025	1017288407	685207367
3500	2.6441876	0.59619185	0.52100636	223.16907	2.2023676	1.2401625	-0.27487614	-0.041727512	4.2256317138671875	0.4929227828979492	1006356098	897712827
3510	4.2169508	-0.013716059	1.0093605	298.27938	2.7718271	1.6991142	0.027960167	-0.12072867	3.1371772289276123	2.4968888759613037	1020860044	798515677
3516	3.851374	1.1350174	0.72238579	559.33262	2.3779596	2.3403549	0.0087483129	0.025050441	2.5903069972991943	-0.3640947639942169	1025425757	229605556
3533	3.6103074	0.8655479	0.31233847	1215.5628	3.0520765	2.8541738	0.002513022	-0.050000594	2.149860143661499	0.7519116401672363	1028514318	816897750
3540	0.27395699	-0.58187005	2.5951836	400.73451	2.2601071	1.7222061	0.10335791	-0.009053253	2.09297251701355	-1.8598878383636475	1024404945	422501445
3554	0.67375152	-0.49574256	2.7247054	603.56576	1.7229701	1.212042	-0.026547705	0.030383199	4.335057258605957	-2.4920766353607178	1006367570	393065691
3557	0.61344845	-0.53730687	0.78793178	274.52533	1.826333	1.2670915	-0.093292247	0.010176048	1.8401552438735962	1.4421840906143188	1022581436	572092652
3565	2.6525145	0.20567022	1.0321763	138.30547	1.3567996	1.3175074	-0.09955293	-0.25676866	0.8702625632286072	-3.13551664352417	1000410667	799451232
3577	0.94053692	0.44862241	0.59542849	470.64452	1.7582107	1.5803453	-0.14147526	0.098543649	1.9562230110168457	-0.9496410489082336	1003744633	304664850
3580	0.81065064	0.75519841	2.7921412	310.88067	1.8904073	1.8877097	0.072312814	0.06801327	3.9234256744384766	-1.326827049255371	1003042690	689332724
3581	1.5277048	1.3900167	0.45650264	382.11304	2.0478215	1.8143796	0.059942609	-0.22546377	2.3974411487579346	2.125091552734375	1001596606	853469014
3584	3.2273721	1.2926812	2.894672	445.77325	1.5620895	1.3120059	-0.20189905	-0.016776525	5.5826334953308105	-2.8907766342163086	1008626138	540683985
3594	1.9979092	0.039906209	0.9289787	222.91162	2.4380506	1.6435567	0.066883157	0.011380889	0.2020755559206009	-0.055870041251182556	1003060390	976134777
3611	5.2576699	1.4085946	0.73698094	265.50525	2.7178884	1.4088274	0.90871235	0.25689419	2.28861403465271	-3.002537488937378	1024564359	589487672
3614	1.7934582	-0.087751624	2.7696372	907.56669	3.0397909	2.1681208	-0.53907925	-0.039450701	4.850522041320801	-2.699225425720215	1000341927	396122336
3619	2.4623531	0.31609676	2.9185268	346.11923	2.2759068	2.1866195	-0.041168463	0.063788904	0.01384312566369772	-0.6828838586807251	1012646689	552758932
3630	1.6051483	-0.85668797	2.8247429	714.04817	2.1448538	1.6037656	-0.22782722	0.073662492	0.01539989560842514	1.7150835990905762	1012931800	694341421
3632	3.7995438	-1.289152	2.9221845	327.83329	1.6117351	1.3461278	-0.11866895	0.060462374	2.9718971252441406	-1.0645183324813843	1002644476	676688671
3654	0.10990379	1.1416069	0.73732549	600.31369	2.8455479	2.5580057	-0.034622119	0.085058746	3.9977874755859375	-1.0698554515838623	1023833176	271610141
3656	4.3438604	-0.24506585	0.73450455	415.85561	2.2748707	2.236584	-0.18885925	0.15386919	1.9913183450698853	2.6664071083068848	1013965967	330799341
3670	5.4157247	0.2565629	0.25818943	805.4014	2.998951	2.448293	-0.044300125	-0.047957343	4.469518661499023	2.1400763988494873	1019315990	486819267
3690	5.5642605	-0.70477258	2.4179599	321.40501	1.6759072	1.6659736	-0.02312781	-0.084973879	1.303853988647461	0.8705247640609741	1005587025	818127513
3710	1.563286	0.12178092	0.47909561	290.92499	2.0706579	1.6759999	0.016485024	0.056393133	1.1664882898330688	-1.5601288080215454	1023631365	526676178
3713	3.4771915	-0.029376791	0.74658753	644.95765	2.9047751	1.784217	0.41666491	-0.18206352	1.921282410621643	-0.8745902180671692	1007303965	371938825
3722	0.19602281	0.53504955	2.6899584	306.51369	1.6343155	1.359608	-0.086607302	0.18564029	3.6424448490142822	3.0340843200683594	1010457154	661662102
3751	2.6107088	0.34136205	1.4363267	283.56843	1.78031	1.5072851	-0.01102528	0.069820427	1.3102810382843018	-0.4750671684741974	1000224356	796983242
3755	5.1665928	1.0812983	2.3071369	489.42739	1.7741898	1.4293162	-0.0061792699	0.053433099	1.5202165842056274	-0.37233930826187134	1003959186	688650608
3772	4.2206562	0.86780244	1.0961632	431.53971	2.3488102	1.7917453	0.033063431	0.035646916	5.084853649139404	-1.9849915504455566	1017655476	101095915
3792	5.9723098	0.15956381	2.8699899	476.72074	2.2223431	1.5877652	-0.25595895	-0.18349554	0.18347115814685822	0.39411404728889465	1012038028	103080273
3794	2.4618489	-1.0379971	0.38571417	438.71778	2.1164781	1.3478367	-0.0025970201	0.21278485	4.690674781799316	2.82211971282959	1008186517	819043040
3820	0.23483458	0.77241612	2.5631681	894.5225	2.7345932	1.9567396	-0.33448288	0.20411989	1.8272095918655396	1.2501014471054077	1022678794	768116474
3825	4.8517898	0.27531663	2.3026459	887.59462	3.1746571	2.0987196	-0.78352466	0.019491415	6.13810920715332	0.15729625523090363	1003798098	209712625
3827	1.2547244	0.41805441	0.88543697	404.85393	2.8564998	2.0403458	0.40825837	0.037175611	5.6075944900512695	-0.3531215786933899	1028288849	62500954
3861	6.18627	0.49334932	2.2977828	313.53721	1.4761005	1.2761552	-0.088171076	-0.16271967	1.4476509094238281	1.2588614225387573	1031119657	95576406
3875	5.2145683	0.72936516	1.9164517	263.32356	1.8493432	1.7726675	-0.042265367	-0.0092685529	3.498513698577881	1.3967113494873047	1020836693	958127499
3876	4.2119404	0.56552799	0.21877151	809.48141	2.0290647	1.4331853	-0.31970551	-0.26691162	3.1754117012023926	1.7836570739746094	1014650326	317452550
3877	3.9014003	0.2458531	0.53026972	407.16573	1.5943332	1.2734588	-0.011832734	0.057553354	2.86930251121521	3.0076053142547607	1011367598	504207492
3879	3.2805118	0.33659898	0.47578022	785.08288	3.2057284	2.8438495	0.20998868	-0.040620747	4.294403076171875	-2.701972484588623	1005563955	179928184
3893	4.4362395	-0.19996714	0.52510083	181.87249	2.7279455	2.6930525	-0.31995409	0.11362214	3.1109795570373535	-0.15275119245052338	1012141870	889142990
3900	3.1067796	1.4497811	1.3551546	64.043087	2.6540895	1.6603274	-0.077862543	-0.083679654	1.9144432544708252	1.5399949550628662	1027199227	593083620
3904	4.5617515	0.56289593	2.1472338	535.55274	1.7000911	1.3860697	-0.027215833	-0.02180882	5.699801921844482	-1.8274941444396973	1002840224	128233433
3912	2.9573194	0.54587827	0.59487178	584.16877	2.0772092	1.7288112	-0.04327765	-0.035384854	5.933746814727783	-3.051407814025879	1013587551	718658447
3929	3.0498791	0.96509467	2.1463664	838.26961	3.1995068	1.8186611	0.095433511	-0.25386556	4.2997283935546875	-0.5164847373962402	1012645560	793902159
3938	3.9812598	0.73701536	0.25124978	385.16364	1.7657271	1.5956063	0.032964509	0.028611821	0.22645314037799835	-0.10253355652093887	1025305747	354758739
3941	5.7180145	-0.69324714	1.1556091	216.53472	2.0001136	1.6501129	-0.13121241	-0.16844905	6.115051746368408	3.0158190727233887	1026675345	320304751
3943	0.33938407	0.74514478	2.7769667	463.40429	1.9153146	1.8353818	-0.074475927	0.2149384	3.841641902923584	2.9577345848083496	1014582321	394030452
3949	5.9076456	0.28029452	0.31909462	263.27244	1.5977271	1.2568016	-0.11552134	-0.009485228	0.4981329143047333	-2.3724052906036377	1004775350	166869164
3952	4.8017647	-0.69142236	3.0807278	381.25205	2.6665526	2.1082857	0.13764626	-0.042562951	0.6605068445205688	1.343987226486206	1025397834	273422360
3987	5.4661115	-0.32342518	2.5599352	319.54487	1.5051667	1.3643835	-0.23511373	-0.13735523	4.441896915435791	-2.8044772148132324	1017249610	86207032
3998	1.358932	0.63254912	2.1878062	710.10332	2.4122886	2.3459784	-0.1066254	0.10282107	2.350947618484497	-2.857090950012207	1015552443	956545711
4001	3.5127266	1.011462	2.5088734	270.64586	2.882293	2.5085646	9.1584912e-05	-0.20863035	4.266176700592041	-0.06939367949962616	1030236243	207086802
4012	1.4232292	-0.98912912	1.2996627	107.81741	2.2505475	1.3585306	0.063164591	-0.0093685018	3.9712510108947754	-1.10116446018219	1019400679	240866899
4019	2.7821227	-0.48241988	0.21096227	535.62624	1.7586435	1.6660646	0.035337677	-0.0044594926	3.282694101333618	-0.6525592803955078	1027861200	693907261
4029	5.8233012	0.66723898	2.6006054	423.2179	1.8007512	1.4512761	0.28275228	0.0065648116	0.2583633363246918	-2.9395666122436523	1029228936	847339153
4036	1.3867324	-1.169946	2.7469643	564.78755	2.7120042	2.5120431	0.030164284	0.02403452	4.325450420379639	-1.118368148803711	1007618779	938901067
4041	3.4595954	-0.85310271	2.5095073	958.36007	2.7698374	2.0632421	-0.11765901	0.27236257	0.9033849835395813	-1.0371882915496826	1012773540	194796324
4047	4.0027323	0.44667263	0.48545622	433.62357	1.8695992	1.5645859	0.0017764027	-0.051713814	5.058872222900391	0.7896113991737366	1011363507	328522444
4050	0.65728918	0.37047965	2.3880598	349.44589	2.4562086	1.8296509	-0.064076652	0.16764591	1.8431380987167358	1.237838864326477	1017527798	555213690
4051	6.2110003	0.37877089	0.84984948	238.04321	2.2147244	1.743627	-0.10431704	0.042391964	2.289494514465332	0.8671191930770874	1020478276	44120073
4054	1.1862671	0.47639298	2.8746522	504.00152	2.333096	2.0062301	-0.0055354622	0.18236991	4.048089504241943	-2.8937623500823975	1018515361	926470518
4056	0.22972982	-0.17758491	0.14125651	334.9812	1.9870093	1.5020505	-0.060772093	0.013091979	4.45489501953125	-1.5009387731552124	1004801851	347927690
4063	3.8200415	-0.69558201	2.0149913	440.17204	2.13784	1.5179329	0.050921147	-0.27650565	4.163249969482422	-0.8321310877799988	1019773514	180181623
4067	1.0151865	-0.7218057	3.0357484	136.03961	1.7985821	1.451703	-0.14187739	-0.048100045	4.245076656341553	1.3972418308258057	1020677607	743665814
4070	3.625657	-1.0480361	0.52598153	692.15225	2.1272706	2.0718214	-0.17128962	-0.0015232793	0.7173175811767578	0.738422155380249	1011734876	699949980
4075	1.9051205	-0.27614748	2.7293536	572.66458	2.6743421	1.8992348	-0.29134298	0.002250449	3.7125773429870605	-1.5221511125564575	1025868689	309765697
4084	5.4286519	0.31288301	3.0647529	1516.8082	3.3253735	3.3038368	-0.26959232	-0.083431494	0.9882925152778625	-1.4928853511810303	1030245895	434973121
4093	0.98019495	-0.91856036	0.9241435	373.07348	2.2291988	1.3684368	0.023881018	-0.29106426	1.5809943675994873	2.1161224842071533	1012129572	35155416
4098	3.9217123	0.087265997	0.49544225	618.0053	2.6602676	2.0723525	0.12174539	-0.03320584	2.4175775051116943	1.6662020683288574	1016651266	212032557
4101	2.340928	-0.48441025	2.9280996	818.18694	2.1142247	1.7435987	-0.10221194	0.28771634	5.516006946563721	-1.3309345245361328	1017068961	601427317
4109	0.88123984	0.96471987	1.6074306	276.71779	2.4606456	1.8892441	-0.02502967	-0.043622693	0.28042852878570557	-1.6802648305892944	1019516062	976558447
4113	0.085090974	-0.18648647	2.097233	264.9763	2.7068769	2.393068	-0.049700576	0.079677748	2.6584489345550537	-2.1683807373046875	1002351478	882816434
4124	4.0701524	0.51177048	2.801624	433.55304	1.8707188	1.523627	-0.092882951	0.045657018	0.2565883994102478	1.5124187469482422	1000943980	889933944
4125	5.0596754	-0.12293458	3.085011	825.22024	2.0233702	1.533709	0.091611162	0.30749723	4.484034538269043	-3.066664457321167	1029947519	294635057
4138	4.7053694	0.61731194	1.1657045	484.75318	1.9696081	1.8061492	0.015583968	0.092649683	0.6221626996994019	-0.11228252202272415	1023872957	272391438
4139	5.8067355	1.4060647	2.5475553	369.33166	1.6446911	1.5930384	0.030835242	-0.03436438	5.777122497558594	1.8011701107025146	1020195655	104932904
4141	4.2834138	1.0004587	2.1496789	506.29452	2.045209	1.8978925	-0.15907484	0.28788598	1.6978391408920288	-2.3687610626220703	1018696188	8144736
4153	2.2704117	0.36257768	2.8015893	1326.503	3.3540333	3.0005104	-0.001969771	-0.040655605	1.2545444965362549	-0.25310513377189636	1015552480	741022468
4161	0.70294099	-0.8562148	2.4727876	239.30541	1.9715444	1.9399502	0.0096453389	0.099249902	5.348930358886719	-1.1191208362579346	1006376338	791582704
4165	1.9162367	0.39893499	1.1867646	432.50852	1.9824642	1.7438049	-0.22187625	-0.058097644	0.5556263327598572	0.17710745334625244	1001178757	611791372
4182	3.5955631	0.45531287	0.46611846	538.13411	2.6826256	2.0496763	-0.022228879	0.2158718	3.926581382751465	-2.280709743499756	1008526845	807714105
4188	3.2173694	-0.62421023	2.6814566	795.24984	2.7472914	1.7621351	-0.01509594	-0.14576865	4.126315593719482	-2.118666648864746	1021215025	728055477
4190	3.9037336	0.38525324	3.0536346	1148.3941	2.4097012	1.9766894	0.12948508	-0.14541109	3.191391706466675	-0.5801927447319031	1010494651	958760500
4195	1.9179347	-0.048000045	0.90367021	329.42292	1.6184636	1.2715514	0.20805506	0.0047865927	5.7101945877075195	2.9480206966400146	1025371682	470658541
4207	5.2441658	-0.39910025	0.58741787	271.3305	2.4104499	1.4574882	0.046062931	0.2026051	0.004343013279139996	1.2674094438552856	1018015602	735164
4209	2.9293587	0.10210594	2.2578133	352.77448	1.3952099	1.3425861	-0.022321613	0.12585955	1.4136879444122314	2.999973773956299	1023163733	125053048
4215	5.8634981	-0.67788169	2.6976074	1006.3778	2.0161352	1.6827945	-0.0082409066	0.15991683	5.1426897048950195	0.6813567876815796	1013933145	150993347
4241	6.2632404	0.87825546	0.5182888	507.06042	2.6971878	1.7009905	0.080488742	0.043639739	4.567164421081543	-0.7718088626861572	1012359345	248905659
4243	1.0653599	1.3089932	2.4740396	686.31777	3.0505264	2.1349049	-0.13388756	0.067797792	2.6353096961975098	2.7344155311584473	1022786923	718323708
4256	5.8415386	-0.058343676	0.36305229	317.24983	1.8548329	1.5470932	0.087379038	-0.15555148	4.581714630126953	1.8223093748092651	1005032496	940085292
4260	0.98069922	1.242507	2.2695813	140.23235	1.9128252	1.3600156	-0.17346274	-0.0097327444	2.1227431297302246	-1.861562967300415	1015524414	865378737
4268	4.0598618	-0.76723839	2.5216765	592.02136	2.2985796	1.9252532	0.09330782	-0.19051884	1.69833505153656	0.03773919492959976	1016768288	966068983
4290	5.8911309	0.89533154	2.5066541	672.1112	2.0125868	1.8254791	-0.054601412	-0.005511763	1.9366425275802612	-0.8505958914756775	1014496746	76409698
4295	3.5127877	-0.046408451	2.8079095	560.24358	1.9649509	1.8278057	0.00085200952	-0.3468972	3.777012825012207	0.30082958936691284	1010789137	334444642
4296	4.340095	0.032438198	0.69060269	472.11442	2.494634	2.3713313	0.039731121	0.14457068	2.991502285003662	-2.9744207859039307	1013353868	483891129
4307	1.3360408	0.60583016	0.31723138	779.81214	2.5937008	1.5237339	-0.29644898	0.044724066	2.5565950870513916	-2.501326084136963	1002881956	683792472
4314	0.83147134	1.1723689	2.8977874	101.3987	2.5668208	1.599549	0.088178338	0.037377245	1.1845232248306274	1.3276187181472778	1016377577	178080797
4361	6.0447292	-0.558885	0.86171203	814.09683	2.4434337	1.7965081	0.17308161	0.031926242	1.4138569831848145	2.948296070098877	1011090012	927998662
4375	2.3549992	0.53116528	2.6276022	971.92259	2.5175168	2.1530574	0.19127891	-0.076104849	4.155547618865967	-1.900787115097046	1013839463	500179768
4390	4.376374	-1.5135863	0.35977181	104.28635	1.617051	1.3606951	-0.10002384	0.088576517	3.668910503387451	-2.2843894958496094	1021055108	783252716
4397	4.9020921	-0.45450729	0.82923284	179.9298	1.949869	1.8539386	-0.03834015	-0.007140219	4.762401580810547	-0.13604144752025604	1030944378	521448851
4404	3.1528219	-0.43266841	0.33265821	177.01491	1.407887	1.3841736	-0.14347444	0.080319186	1.9885425567626953	0.867724597454071	1019257508	217491865
4408	3.8988994	0.84945232	0.67025562	903.81264	2.9025241	1.9584791	0.19338658	0.01918464	0.8718129396438599	1.2704968452453613	1022913738	499291539
4409	2.4262277	-0.49459587	0.61350854	372.05026	1.8883658	1.3792214	0.084365109	0.028768245	3.3066816329956055	-1.0750057697296143	1011308779	756122589
4412	0.037319162	-0.80096855	2.5797652	332.61727	1.6398106	1.3402302	0.086985325	0.034557999	1.7270095348358154	0.8215357661247253	1003405691	709889650
4465	6.0732538	0.61019543	1.2589426	570.80717	2.2838047	1.5706676	-0.10005077	0.079375794	1.2620303630828857	-2.464998722076416	1028965067	921431780
4468	5.3951413	-0.52901665	0.9510678	260.02842	1.5406914	1.4656983	0.026650074	-0.26113338	4.112104415893555	-2.5447096824645996	1012416768	723458290
4475	3.9767342	-0.2438913	0.6228127	478.50288	2.8023734	2.0971697	0.01314715	0.21995598	4.1659464836120605	-2.7217531204223633	1009417841	107276917
4480	2.7263871	-1.0909262	2.1277567	250.69394	1.5308848	1.380629	-0.072769329	-0.23863716	5.59495210647583	1.9324842691421509	1025163791	1875520
4481	0.88086336	0.35463534	2.6504707	648.37866	1.898093	1.7253552	0.25436454	0.10069786	3.8947534561157227	-2.970937728881836	1006746867	265298843
4490	2.2740237	-0.47367186	2.9051103	1470.935	3.0565952	2.6282924	0.032297685	0.10505564	5.915895938873291	2.9783713817596436	1010009558	939614415
4494	1.4028928	0.96094012	1.0200883	415.00502	2.6419176	2.2503407	-0.19704866	0.00029601492	5.48992919921875	1.7133264541625977	1021317828	471432209
4499	4.1316134	-1.309454	2.3663624	737.18727	2.8743696	2.7925501	-0.012736717	0.022150315	2.0345842838287354	-1.870887279510498	1024242198	148810506
4509	2.4103318	0.032346073	2.082418	347.86007	1.634753	1.603918	-0.25906485	0.18455967	4.733781814575195	-1.9829726219177246	1010351419	745787978
4510	5.1428245	-0.39206089	0.73656856	436.91654	2.2038698	2.0242938	0.0096129388	0.056297367	1.4903357028961182	3.0374011993408203	1018466149	422881007
4526	1.2642835	0.62370545	0.47126144	841.83242	2.4686287	2.4484673	0.20267276	0.11763606	4.60064172744751	-1.074832558631897	1006410056	470523715
4533	4.1584626	0.79659223	1.0959186	348.99007	2.681994	1.7488569	0.0091030678	0.34308757	6.158997535705566	2.736689805984497	1011111382	750151038
4543	3.1228461	0.041783143	0.43451474	547.10494	1.8883577	1.7229958	0.0084219821	0.049171916	1.2827849388122559	-1.5308506488800049	1025430879	485559702
4549	2.8645697	-1.1084269	0.62792792	359.85443	1.7967888	1.2275037	0.08209684	-0.004292678	4.277916431427002	0.9935665726661682	1003887542	968549967
4550	6.2713994	0.55567	1.5748236	269.98789	2.340828	1.6607474	0.060378535	-0.1302031	4.39857292175293	2.5487608909606934	1019663184	483993769
4555	3.5235569	-0.16710398	2.5349308	519.40625	2.9775752	2.7364065	-0.16231399	0.11073371	0.6805527806282043	3.019120693206787	1019962485	679593325
4560	0.70485626	-0.3014558	2.7195296	1969.633	3.8595337	3.7693088	0.019429411	-0.063206965	5.652437210083008	-1.5483617782592773	1007485122	905788302
4561	2.4378351	-1.0297269	0.619577	841.08366	2.0435723	1.7997992	-0.084755129	0.29566834	1.5163978338241577	-3.123826742172241	1026898381	263534546
4572	6.1218104	-0.099600215	0.27632789	609.72427	2.0048893	1.9673907	0.12554267	0.019397066	2.1885597705841064	2.013613224029541	1030309869	254552722
4577	2.9087316	0.37028248	2.0734437	643.89989	2.6303454	2.364071	0.13501211	0.0095702037	4.410516262054443	-0.5301356315612793	1001271989	191054821
4579	2.9959081	0.21476512	2.6485894	699.73589	1.7935223	1.548613	-0.01902364	-0.12435279	2.7472472190856934	0.2126304656267166	1028147839	170891047
4581	1.3458627	-0.60968787	0.52796174	360.76242	1.5708916	1.3637371	-0.12568246	-0.24006752	5.321399688720703	1.0782636404037476	1004576298	236973286
4596	4.6974295	0.57795604	1.8573421	219.93114	2.4526105	1.3896037	0.15647961	-0.096561577	2.2587146759033203	2.84306263923645	1017776021	701968670
4599	3.6426857	0.3273376	0.63153193	283.01412	1.9152764	1.7738937	0.088756952	0.0013645655	4.910665512084961	-1.9207483530044556	1014922921	621868014
4600	2.2959064	0.58002919	2.7845711	507.36755	3.0944817	2.1542731	0.13846333	0.021655081	1.4434516429901123	-2.7830400466918945	1029761625	355577707
4605	4.8974562	-0.53160421	0.51626505	270.87045	1.5081859	1.3618827	-0.19102553	-0.025803284	2.8954923152923584	0.502348780632019	1024953131	620086670
4611	6.1238151	-0.52633463	2.5355937	301.80316	2.1190441	1.8890751	-0.076546466	0.26690799	5.052127361297607	0.231035053730011	1019620363	896638870
4613	5.9422985	-0.68250335	2.4445564	175.28523	2.3108972	1.4094021	0.0054263125	0.11064705	5.417119026184082	-1.1824604272842407	1027479361	50139427
4618	1.3214947	0.39200267	2.4942018	818.63304	2.0940495	2.0423386	-0.064919164	0.0067793192	4.923962116241455	-0.8234266042709351	1009336478	172170520
4622	4.0032552	-0.53149358	2.7068087	774.3776	2.763135	1.7669377	0.23844857	-0.21766241	5.922850131988525	0.10478764027357101	1026134042	360785484
4624	2.4768046	-0.84350829	0.08038919	656.29649	2.8288852	2.7603714	0.07080783	0.060595304	3.275050401687622	0.6166996955871582	1019492813	401941299
4627	3.8544304	0.72047662	2.3020331	452.77505	1.5059136	1.4933555	0.0085263634	0.036744586	4.713650226593018	-1.612362027168274	1001977044	766207457
4634	3.5450108	0.72142034	2.1243367	739.03112	3.0451931	2.926075	-0.71090717	0.20280611	0.19975407421588898	2.2497665882110596	1030304839	328342795
4644	0.42295865	-0.36607917	2.861524	634.37074	2.0204949	1.8911089	-0.11220689	-0.1295846	4.119686603546143	1.3185304403305054	1009629232	709433198
4650	6.2357873	0.87976766	0.97693364	597.60925	2.1057898	1.3951103	0.018886908	0.1432104	1.474181056022644	2.416135787963867	1017937970	619135618
4660	6.1015459	0.96890125	2.6458485	654.57382	1.8336951	1.5268649	0.083993113	0.21700256	2.479773998260498	-0.12232126295566559	1016572254	495678306
4668	4.3918173	-0.18938468	1.8170177	205.31633	1.8244613	1.6242104	0.05937495	0.125738	1.7934088706970215	-2.8547046184539795	1007796826	487618208
4669	5.3894181	-1.0079019	2.0842033	873.78915	3.2076022	2.8159354	0.27620668	-0.0055533685	5.959417343139648	0.1893196552991867	1004261115	943184
4676	3.0087441	0.16353608	2.6898232	522.00995	2.5444074	1.3322454	-0.13273078	0.076693374	0.04534536600112915	1.0520739555358887	1002229802	32848120
4706	0.055936171	0.25862441	2.8209076	892.72803	2.8698825	2.8286348	0.079184565	-0.032052702	3.9798598289489746	-1.5326164960861206	1023987236	643495560
4711	2.8841605	-0.63838764	2.4503707	446.55454	1.9568667	1.2926155	0.10777639	0.073501776	4.348338603973389	-2.9058258533477783	1029838764	460671902
4723	1.7759651	0.33777863	2.2692069	770.89355	2.6325205	1.8952974	0.12226285	0.038381741	0.29878124594688416	-0.5515222549438477	1010647021	271684170
4731	2.6271634	-0.98724469	1.0484885	353.60827	2.0789717	1.200233	-0.19475787	0.12461601	1.5665373802185059	2.32308292388916	1013379218	59344053
4734	6.0425944	1.0949111	2.1184743	371.75248	2.0463193	1.6677557	0.15315399	0.057709891	1.683527946472168	2.2595040798187256	1008819648	971635818
4735	0.1901802	0.54779935	0.65226219	331.87	1.967987	1.6457661	0.047618577	-0.16699766	2.357858896255493	-1.5677235126495361	1018042389	612290859
4742	1.006282	0.28668791	0.5681962	795.93517	2.6556202	2.5625068	-0.019186435	0.10165221	5.89003849029541	-0.4658161401748657	1025877576	228702664
4745	3.3855892	-0.11390749	0.50672103	332.14095	2.4342837	1.9593846	0.010518292	0.18801202	5.833733558654785	1.3081319332122803	1002482292	785010815
4747	0.053353036	0.46481449	2.1166484	76.184725	2.3533147	1.2304333	0.2150594	-0.15122252	0.4858519732952118	-2.9294722080230713	1002271794	56759953
4748	3.9272206	1.297791	0.14523166	195.98807	1.5581687	1.4487391	-0.044641981	0.048481574	0.4231973886489868	1.3085676431655884	1015943758	725526929
4750	4.5581846	1.091489	0.33585195	686.98364	2.8529849	2.0724408	-0.057504528	-0.036774459	5.454400062561035	2.6608872413635254	1020261910	856009483
4752	3.7373543	0.96256892	0.94106803	579.31242	3.0542956	2.7088552	-0.25352403	0.12092616	2.0869174003601074	1.0451769828796387	1018175028	149721861
4756	2.3466732	0.37362074	1.6636844	295.42238	2.2814782	1.8734571	-0.1648772	0.11594215	2.4023234844207764	-0.016938306391239166	1007717241	791761041
4758	0.038339031	0.83175006	0.87710042	361.2635	2.5342594	1.6424113	0.016842145	-0.17307133	0.6693669557571411	-1.7504626512527466	1013278784	704820395
4760	2.3115142	0.66811672	0.64734708	381.31861	1.4968146	1.4962978	0.074810479	0.20299131	2.6604275703430176	2.8723905086517334	1003657334	155990243
4815	3.2720819	-0.59699367	1.0981338	329.16455	2.6458955	2.606902	0.00054089788	-0.034358608	3.6568992137908936	-1.0658056735992432	1003306887	583587646
4817	6.2809468	1.1628442	2.2767616	547.20667	2.7036345	2.5938888	0.013406415	-0.13337968	4.871805191040039	-2.6803581714630127	1003645190	987621665
