simulation_id	longitude	latitude	inclination	distance	mass1	mass2	spin1z	spin2z	polarization	coa_phase	geocent_end_time	geocent_end_time_ns
46	4.6484458	0.3994863	0.98852277	202.2241	2.162526	1.6608185	-0.067177778	0.012920302	3.8101048469543457	-0.6087339520454407	1008267304	960808992
54	0.74084987	-0.15450337	2.4096784	248.38971	1.5296106	1.4760985	0.30110241	-0.067942275	5.299139499664307	2.078540563583374	1009003750	633914471
61	3.0974585	-0.68239946	1.1365684	214.08979	2.6993959	1.6709211	0.37668724	-0.05015348	3.2971739768981934	-0.20948374271392822	1011303961	804257751
67	2.4400603	1.3253426	0.62853526	330.61691	2.1099369	1.4581967	0.0098702219	0.0047005946	1.8055390119552612	-0.8059364557266235	1028999168	418889999
69	1.2494087	-0.65017802	0.67286493	252.98103	1.6987914	1.4178988	-0.05664085	0.3000103	1.3817145824432373	-0.1577765941619873	1001881688	405323625
85	4.8161088	-1.2955216	2.4875824	173.67524	2.085473	1.7862676	-0.075195322	-0.37772242	6.242918014526367	-1.7931584119796753	1027137101	967010975
96	4.0165991	0.50657333	0.53762049	409.21088	2.8327512	2.2946444	0.9646218	-0.085915434	1.6665419340133667	0.9530418515205383	1009562493	707424879
101	3.4829313	0.59753761	2.9313987	283.49975	2.3357767	1.5615813	0.045634532	-0.059704558	3.5523056983947754	1.9421703815460205	1008333985	841132879
121	2.3545364	0.95296988	0.51816305	264.61332	2.238126	2.2124294	0.30355054	-0.015296327	2.0890932083129883	0.1659359186887741	1017356893	361666560
136	4.9323555	0.67865002	0.48871369	431.68682	2.4819136	2.3575962	0.0039534624	0.17760244	5.022706031799316	1.7219120264053345	1010865638	251975536
137	3.1695342	-0.29969188	0.27127156	152.95628	1.4802995	1.2294189	-0.041405583	0.13460349	2.9244441986083984	0.8557486534118652	1001846157	116204023
138	0.46859683	-1.0962544	0.7662463	341.15779	2.4077816	2.2011684	0.076337993	0.084271528	1.6044378280639648	1.183495044708252	1006955455	858324885
139	1.3120584	0.72438008	0.2287892	653.53713	2.1798151	1.5452847	0.043399335	0.20968718	4.1740193367004395	-2.147318124771118	1021575645	456230521
150	4.3071662	-0.71540193	1.8330854	165.53611	2.2172886	1.6683771	0.02043206	-0.10226046	1.667557716369629	-0.9496497511863708	1021657152	547188163
161	5.6560177	1.3021828	0.78530953	176.66615	1.9804417	1.5728659	0.2707035	-0.060058563	2.009708881378174	1.6789275407791138	1006460162	706528068
162	0.14458171	-0.56041997	0.754721	303.02506	1.9076749	1.6439673	-0.11368209	0.15386307	2.0462162494659424	-1.3981575965881348	1028335322	296566963
189	4.1477615	-1.2366053	1.637941	248.49674	2.1026083	1.5681136	-0.056483404	0.049974818	0.11718347668647766	-1.5485093593597412	1001151612	371020794
192	4.4693603	0.0060227824	0.36704139	202.03972	1.5843809	1.4244318	0.18927654	-0.090622781	0.9890925884246826	3.1260061264038086	1022926317	600434065
207	0.99306268	0.41354738	2.9388185	243.13645	2.015147	1.7036839	0.19490606	-0.14173002	3.305898666381836	0.8537191152572632	1005275718	544019580
213	4.2724915	-0.017139	2.6923134	383.74666	2.5524328	1.8953611	0.042788597	0.16971825	5.931326389312744	0.333596408367157	1027474022	59976578
231	5.4538014	-0.30145734	2.721945	137.42789	1.9553038	1.598768	0.046137355	-0.16938842	3.9810729026794434	-3.038177728652954	1007673342	872622013
242	2.0915601	-0.89701621	2.199447	155.25853	1.7614147	1.6404046	0.028147745	-0.15283329	3.325117826461792	-2.500619411468506	1001240094	688684344
247	0.5546788	-0.48953438	2.3696974	132.68662	1.7374422	1.3045142	0.0041980532	0.079679151	1.9431992769241333	-1.005448341369629	1030929201	239812613
248	4.6751256	-0.40271448	0.50498561	176.20215	1.8491477	1.7753543	-0.028964498	-0.27243936	5.428712844848633	2.4313104152679443	1000138525	12869239
265	4.4001293	-0.38535585	0.88241491	260.46101	2.1352389	1.6083205	0.11828332	0.10776499	4.305900573730469	-0.3038010597229004	1030461641	964086294
269	2.633147	0.12413204	2.5605413	72.52063	1.8246917	1.684224	-0.036481091	-0.17398742	4.739634037017822	-1.1597613096237183	1016801833	109465599
297	3.6291712	0.83921097	0.81131886	166.41611	2.0474886	1.8504444	0.29355336	0.063688845	0.6314252018928528	-2.309757947921753	1012221770	673201919
306	2.6894911	0.64489384	2.4759768	214.66787	2.5766225	1.8802561	0.1225053	-0.26032008	2.6637232303619385	-0.856260359287262	1001619359	843978643
310	1.2790212	0.62251984	0.92001559	182.0584	1.4821264	1.4106323	0.076337675	0.01233029	1.641454815864563	0.3838469088077545	1017014103	209239721
314	0.57647477	0.97924433	0.93557624	187.28647	1.572348	1.3129117	-0.27479791	-0.013484946	3.9205076694488525	-2.8487868309020996	1016059517	868167639
323	6.002164	1.1587567	2.9590777	225.77487	2.1886457	1.3641882	0.026611629	-0.37733561	4.194145679473877	-1.8745449781417847	1009211025	339513540
360	4.2005184	0.74689065	2.7490041	331.92479	2.4707559	1.6871455	0.058156359	-0.077223959	0.7858620882034302	-1.6450295448303223	1018519728	520356059
361	4.6103201	-0.72769659	2.986707	105.44997	2.1172741	1.3449547	0.13615983	0.18649239	5.247532844543457	-0.7163235545158386	1027498489	846757889
386	4.4922154	-0.030404009	0.31188722	384.18731	2.1356376	2.04481	-0.16730896	0.019378521	0.8624526262283325	2.148607015609741	1030665400	731641769
391	5.3197008	0.44987752	1.3553502	148.25284	2.3993904	1.8645662	0.0663189	-0.089892777	4.652714729309082	-2.180283784866333	1025428017	170235872
424	5.7863903	0.85619391	2.0043294	242.48207	2.5510334	1.8960097	0.017934765	0.037752775	5.802387237548828	0.4360086917877197	1025523646	81713200
436	0.22449393	-1.0617218	1.7159071	151.9588	1.8224966	1.7276702	0.089548815	0.11654343	3.600769519805908	-2.293947458267212	1030145907	805175662
443	5.0307377	0.2230838	2.6239343	140.6041	2.6884676	1.7664393	-0.12964514	-0.1413006	0.9921470880508423	2.004126787185669	1000491950	10335565
469	5.065992	0.1265409	2.3061831	152.44835	1.9798066	1.9221952	0.1933166	-0.16501534	3.468600034713745	2.4612743854522705	1030381348	870916843
489	3.758324	1.1568703	2.7428007	317.34816	1.8732167	1.6733543	0.021010731	0.35129116	2.6962080001831055	0.7054065465927124	1003698543	979425669
497	0.77556934	-0.31091208	2.7428101	187.78851	1.8471484	1.6709725	0.094035461	-0.13247444	3.4539878368377686	-1.0761398077011108	1011891115	50224662
510	0.58040416	0.66729765	1.0341158	101.06073	2.6977477	1.6149579	-0.71745171	-0.13792754	5.181148052215576	2.3454270362854004	1000375814	266087890
517	3.5179004	-0.86875363	1.3592922	102.57748	2.0384265	1.9633142	-0.021833092	0.06383039	1.019232988357544	-1.6005829572677612	1019966514	498784065
532	4.4500924	-0.04560966	2.4702528	148.88658	1.981915	1.3728358	0.014518936	-0.055068166	6.076519966125488	1.0348337888717651	1016715276	690958381
538	0.90988734	0.49588566	0.53688078	349.54032	2.5102436	2.5078192	-0.077058311	-0.024515441	6.238801956176758	-0.10920701175928116	1016475726	202579975
539	0.99848835	-0.11539904	2.6879434	158.12545	2.1717148	1.57953	0.046027209	0.11097388	4.117147445678711	3.111837387084961	1007879141	256785393
544	5.1658515	-0.24562761	2.5947727	360.56273	1.8089837	1.5968747	-0.11623559	-0.13125578	3.6825289726257324	-0.9361208081245422	1019270788	713151217
546	4.8171439	-0.37674425	1.9002952	209.82694	1.7063083	1.5443712	0.21977274	-0.11881715	4.85110330581665	3.054075002670288	1001762136	823852539
552	4.376446	-0.62188858	0.65351432	174.11338	1.9188639	1.4159413	0.013926003	-0.13014172	4.33683443069458	1.6915411949157715	1023048386	750185728
557	3.3011302	0.28963618	2.3779097	494.68815	2.7843545	2.5640908	-0.29086227	-0.054428257	4.334681034088135	0.9515860080718994	1004201347	497615695
581	3.2754892	-0.34669199	2.4275796	262.78325	1.8807566	1.589026	-0.17840755	0.15605511	4.159301280975342	0.3714454174041748	1024844747	429941058
600	5.8859188	0.80906193	0.56578982	578.38912	2.5607044	2.3183761	-0.053353611	-0.10880719	6.200406074523926	1.0969494581222534	1025174318	925518751
615	0.4658856	0.90724728	2.3914575	140.26957	1.7463411	1.1812831	-0.18561268	-0.12404349	5.742342472076416	-0.8260965943336487	1031209131	4055262
651	5.61631	-1.192346	0.82060627	179.90127	2.2081742	1.6054493	0.025695644	0.00086777002	4.331369876861572	-1.4249279499053955	1007819152	683076978
664	4.1503919	-0.26986597	2.7430002	295.15077	2.0773313	1.609574	-0.016760993	0.25137504	4.666991233825684	-0.5072546601295471	1017354723	740908742
666	3.8486287	0.85470702	0.71674289	152.49984	2.5734003	1.2612884	-0.14758266	0.1083829	1.383863925933838	2.4623525142669678	1026603215	809580922
699	1.3761451	0.85463459	0.53580575	269.53986	1.8476413	1.8341546	-0.0036700234	-0.082432258	5.641164779663086	-2.7270829677581787	1009281076	530851722
714	4.3284344	0.89201628	2.2505998	176.77253	1.4786703	1.364083	-0.023344592	0.093553705	2.927377462387085	-1.551149606704712	1022648931	400682330
715	4.2661523	-0.53926795	2.4802936	148.2538	2.5482303	1.4783163	0.0040248176	0.045794477	1.31479811668396	-0.5610268712043762	1019719456	515100598
718	5.0321666	0.4328882	2.4528294	528.0916	2.2563619	1.6591684	0.16544523	-0.026065335	5.662692070007324	-1.9992270469665527	1018357281	24063230
767	0.92100623	0.75430823	2.60021	308.05933	1.8835619	1.4044136	0.040235828	-0.31505387	5.536279201507568	-0.16532206535339355	1030521173	606016159
785	1.8455855	-0.028277058	0.81085298	233.5043	2.4195232	2.0145871	-0.0086782594	0.013024542	4.729073524475098	-0.11184713244438171	1019644380	558511138
812	3.2863088	-0.34478848	1.5442047	78.934072	1.3809829	1.2618378	-0.14206212	0.2147158	0.36455580592155457	0.1559980809688568	1020882794	572760820
816	6.1292682	-0.90328058	0.72783913	252.84243	2.1695517	1.9498088	-0.14190334	-0.19709352	4.222344875335693	1.440306544303894	1012482924	656061292
838	1.7447704	-0.41843567	0.30795067	282.39137	1.7236362	1.7174342	-0.2738809	-0.087096289	0.31247779726982117	-0.077494315803051	1016387123	777667284
840	5.4041327	-0.86218028	0.52020889	125.77002	1.8505834	1.3223564	0.07498127	-0.045034862	1.9533944129943848	1.0086164474487305	1010823681	992724776
854	4.0660346	0.10069731	2.8577433	227.90536	2.520081	1.4897199	0.078409432	-0.28570459	0.15136559307575226	-2.4311869144439697	1016827500	815238595
863	6.0821678	-0.1375673	2.3895377	126.86575	2.1788635	1.8732531	0.023494761	-0.0071173864	6.16401481628418	0.6104902029037476	1029328076	95200419
865	0.20268209	-0.88420376	2.3968648	449.14741	1.9573058	1.8835683	0.19603773	-0.13063992	5.401993751525879	1.5876730680465698	1023503489	403301120
890	0.90343163	-1.0784388	2.0266412	298.83432	1.8350377	1.8147405	0.014876169	0.0079120077	0.46904081106185913	-2.552400827407837	1024887561	656779885
924	1.4001808	0.6716376	2.0817718	284.93459	2.6579568	2.0730498	0.02793165	0.0031807232	0.3155055344104767	-1.9219212532043457	1030635137	720194340
932	1.7329899	-0.87362157	0.8543684	208.7795	1.4766028	1.1835051	0.14372184	-0.24885024	1.5952255725860596	-3.0058248043060303	1028246962	669765711
940	5.3483157	0.021728665	2.5367324	214.3531	1.9027589	1.4287941	-0.034934893	-0.057369231	5.042036056518555	0.586481511592865	1001915379	620558977
949	2.3139156	-0.42454032	2.4823763	411.9753	2.7346115	1.5662873	0.040206636	0.034486507	6.2778120040893555	2.5985937118530273	1016293696	410470366
956	5.0200071	-0.73069027	2.3464154	156.57729	2.5774728	2.12537	0.24632093	-0.068188471	6.033982276916504	1.8633042573928833	1010410038	660855412
975	4.8453858	0.8303618	0.50073082	421.5467	2.764638	2.7490759	0.19868454	0.033719328	3.528132677078247	-1.4706151485443115	1006123482	347047448
995	5.6781295	-0.61783497	2.432043	119.74182	1.7665215	1.2308062	0.034754618	-0.039870652	5.027285575866699	2.4421608448028564	1001593304	726042509
1001	1.1479004	0.20274052	0.46611601	406.80968	1.9606673	1.564114	-0.29928463	0.16660872	4.639922142028809	-1.4575941562652588	1020544685	262354612
1010	0.3603589	0.23690539	2.2797495	59.246329	2.4102906	2.2780139	-0.039522979	-0.093243413	3.3669192790985107	-0.6741265654563904	1001371124	48694849
1013	4.5585745	0.072845463	0.54674102	346.9797	1.7009956	1.6347924	-0.023408236	-0.0030970927	0.5549905300140381	-1.4194574356079102	1023086873	342409253
1014	4.226712	-0.10512352	0.89222305	115.10152	1.2558445	1.166308	0.051700429	0.053937374	5.050696849822998	-1.8452101945877075	1016632635	516769171
1027	3.4999306	-0.58717061	2.4863021	273.50594	1.9621134	1.3561506	-0.038746736	0.043973454	3.7130355834960938	1.1975245475769043	1007869611	987598300
1043	4.1110091	0.28205368	2.984701	323.40102	2.0021737	1.5326623	0.052805264	-0.010269924	4.220986366271973	2.1723947525024414	1020834847	226077914
1054	2.0872232	0.071357949	2.8794485	345.42491	1.5365324	1.514834	0.021840234	0.0037078686	4.6456451416015625	1.6425145864486694	1023742075	489475250
1057	1.1213028	-0.87968434	2.7309938	251.48433	2.8770559	2.7203815	0.16980401	0.060096369	2.469275712966919	1.4928832054138184	1020582586	429774284
1070	3.9801213	-0.99151438	2.1973362	145.6053	1.5326857	1.359185	0.11279505	0.074982242	0.038383640348911285	-0.9416595697402954	1009840082	376423359
1095	3.1523261	0.33925665	1.9890369	263.47668	2.5316062	2.3460851	0.295917	0.14957896	1.8386367559432983	0.7350744009017944	1025090404	13753176
1149	5.2875358	0.091639686	2.6791434	321.67175	2.12307	1.3151709	0.0053082187	-0.073799828	6.019434928894043	1.7770859003067017	1029000934	175636768
1152	4.7658221	0.90961017	0.86144146	122.75664	2.0294289	1.7612074	0.1186915	-0.064064009	3.1129891872406006	2.0821595191955566	1014968910	599863052
1161	1.7061291	0.16231165	0.8685675	292.40518	2.7356948	2.3236883	0.15636934	0.1129426	4.289825916290283	-0.258823961019516	1018948666	738969088
1162	1.3637744	-0.39944072	0.29070263	323.23054	2.4223749	1.5686542	0.081902147	0.003166871	2.8843021392822266	0.6705294847488403	1018434246	615546107
1164	3.1259537	-0.72964632	2.4426045	235.02418	2.1724749	1.9447661	0.0048863817	-0.0017633292	2.4265880584716797	1.3306540250778198	1014916515	184146047
1185	5.4868468	-0.42776283	2.9022198	412.20174	2.257405	1.7256296	0.12345135	0.20959849	2.068243980407715	1.8627338409423828	1029956477	483805537
1192	0.5517389	-0.31945383	2.3674391	477.67451	2.6019969	2.6014146	-0.044465829	-0.061816886	3.168368101119995	-2.942714214324951	1002818101	146246552
1208	3.4732477	1.2902223	1.8070199	104.41525	1.7744174	1.1595636	-0.11544075	-0.14219114	6.199187278747559	-1.5707029104232788	1019794388	250596046
1235	4.5819882	0.53843197	0.19405926	188.08814	2.3895304	2.287673	-0.16627677	0.0059206303	4.591268539428711	-2.03998064994812	1009225489	751856804
1267	5.2391451	-1.3762359	0.52012663	345.83534	2.3354756	1.8069709	0.15869506	-0.033601542	4.807374477386475	-1.769224762916565	1002362344	31223536
1286	0.38040081	-0.89353286	2.4545684	402.76965	2.815266	2.4040909	-0.40468296	-0.10958981	4.937148094177246	-1.0577385425567627	1013421226	106496453
1292	2.4492133	-0.74253561	2.8678688	193.33168	1.5333959	1.4500324	0.15735883	0.098693208	2.2537293434143066	-0.7422090768814087	1009249774	201434851
1323	1.7216019	-1.0887058	1.1778074	104.88459	2.0783564	1.9030094	0.058756868	-0.30090768	5.424607753753662	0.32912158966064453	1018091341	503747702
1324	1.9452875	0.79773721	0.92811706	285.70935	1.6075346	1.4089656	0.13208499	0.14660631	6.263836860656738	2.535649299621582	1011848022	396939635
1337	3.108803	-0.27194577	0.28694057	89.634366	1.6742459	1.3411302	0.2147335	-0.024796807	1.3717858791351318	0.5543753504753113	1029096331	59911728
1338	0.22617272	-0.47506487	0.33851533	279.97864	2.5752184	1.7513709	-0.0035309159	0.16399516	5.327170372009277	-0.38455435633659363	1027222890	173633695
1367	4.4986764	-1.0076797	0.6487214	256.02019	2.7313526	2.4576189	0.1722885	0.36762147	5.520824909210205	0.4178694784641266	1018295865	644723773
1400	4.2977307	0.88675022	1.816353	149.66415	2.1044516	1.7110249	-0.015161685	0.1062172	2.3045144081115723	2.2588374614715576	1000277365	966259956
1404	4.7581988	0.51011108	2.5671644	295.91326	2.5707578	1.9256806	0.29237501	-0.076223838	5.392767906188965	2.016296148300171	1006033488	578234673
1410	4.9830636	-1.1322356	2.1048215	225.52853	1.9214594	1.7713906	0.0049147488	0.10781854	4.7017292976379395	2.4311699867248535	1005649653	848550439
1433	0.46563402	-0.74231419	2.4581028	134.42104	1.428214	1.423929	0.085989048	0.14375341	6.053951263427734	2.0367817878723145	1000701593	799992561
1442	4.753324	-1.038312	2.4205579	172.71493	2.4710397	1.5227113	0.15613323	-0.15076368	0.1535348743200302	-0.4207412600517273	1022776519	867766619
1444	4.9635336	0.51398966	0.99324305	100.47815	2.0795174	1.544817	-0.02315299	-0.3416405	0.14490903913974762	0.2315899133682251	1027495511	728949189
1446	5.8727221	0.41425323	1.182494	104.41966	1.7803215	1.72229	0.07430634	0.11444213	3.3057754039764404	1.1774487495422363	1018867635	534950972
1447	3.2617651	-0.75696282	1.9272882	226.61857	1.4456432	1.3377657	0.22203046	-0.055500369	4.980138301849365	2.2256836891174316	1011133187	175646305
1453	2.8860116	-0.95921813	0.57186498	146.68932	1.443843	1.2857748	-0.017105349	0.29470939	0.6050458550453186	2.5417091846466064	1010514521	719213843
1461	5.8800753	-0.43799511	0.51338033	304.50017	1.9855387	1.6761244	-0.018064685	-0.24328538	4.833322525024414	-1.6576155424118042	1023053853	789684772
1476	2.7374734	0.65363009	0.63880325	341.51371	2.0756927	1.644452	-0.19873401	-0.10358236	4.425877094268799	2.6730003356933594	1019021838	401077628
1489	1.6181569	0.45173565	2.3026392	136.41946	2.6412653	2.0556014	-0.02888618	-0.12903151	1.5502394437789917	0.3324456214904785	1023141810	905129790
1500	2.6180209	-0.77113084	0.87746506	216.58593	2.4858519	1.8000186	0.13132691	0.14410052	1.878027081489563	1.8225177526474	1008431821	393639088
1516	6.1405432	0.10626306	2.7112264	132.92623	1.850337	1.546536	0.061778647	-0.053421668	4.048725128173828	2.3823044300079346	1004159666	762424350
1535	3.5585942	1.4054017	0.24468464	238.53243	1.4288332	1.422328	0.024593115	-0.013434221	1.9858794212341309	-0.5762945413589478	1010531128	301362872
1560	3.3004701	-0.51702545	0.81236856	83.403538	2.3117316	1.8013284	-0.0015781189	0.18582767	1.9941937923431396	-1.8247016668319702	1002592921	405635953
1564	0.8471614	0.016836239	1.4195833	67.107575	2.1025805	2.0532709	-0.062806174	0.0048196868	1.9785231351852417	-1.398686170578003	1004326866	476065755
1567	0.12028456	-0.25230182	0.74000548	329.99082	2.690247	1.7872836	-0.019974484	0.011148192	2.270268440246582	-1.843450665473938	1003510232	741233349
1574	3.2203335	1.1816222	0.15246465	225.95549	1.8794191	1.4422531	0.17939918	0.0034799403	2.716790199279785	-2.902517080307007	1018612744	747240424
1577	2.5510566	-0.37183119	0.60890132	155.54069	3.0860533	1.627937	-0.034233438	0.12105705	4.999407768249512	-2.097358465194702	1006594719	608128667
1585	6.1599071	-0.63943822	0.33550838	396.57541	1.7235037	1.5305576	-0.0054223907	-0.01058722	6.161966800689697	-3.0098941326141357	1018576714	686302423
1589	4.6888494	-1.1862241	1.8828389	174.65337	1.3010355	1.1989521	0.34099562	-0.24009012	0.26833903789520264	-0.7818701267242432	1029341819	19381404
1599	4.3951618	0.12628948	2.5350011	206.76199	2.2079115	2.0042033	0.049339751	0.12980996	4.889589309692383	-2.3158676624298096	1006502736	245576024
1621	0.90774744	-0.093933857	0.89213624	131.99874	2.6555306	2.4809528	-0.089513885	0.075335247	5.847334384918213	1.9788241386413574	1006492537	438350320
1623	5.5272626	-0.94533089	0.51153143	604.56004	2.6335014	2.3100208	-0.14724811	0.040917693	4.783419132232666	3.00433349609375	1017721115	455113292
1634	1.9315632	-0.46626489	1.632007	79.365419	2.6079244	1.5287589	0.24123653	-0.13579364	5.918760776519775	-2.018839120864868	1015666059	851081729
1647	2.3654991	0.1062174	2.1287841	161.6555	2.1862345	1.5021881	-0.11071771	-0.046343811	1.8645741939544678	-2.806020498275757	1018878783	148785472
1652	1.4464351	-0.92270286	2.6111923	320.6756	2.6429893	2.1267076	-0.079178887	0.10496636	0.5119259357452393	1.4748096466064453	1021612096	609347343
1661	2.4990223	-1.4092069	0.95609435	144.90387	2.4665376	1.8329264	0.034239053	0.014698028	5.872073650360107	-2.758676052093506	1003100642	800658345
1666	3.4954209	0.093729958	0.98748916	56.419432	2.3935206	2.2228304	-0.0084735566	0.10442793	1.5357170104980469	-1.279257893562317	1029120911	465650082
1674	2.1137093	0.58579413	2.4202324	264.17599	2.1456083	1.9966819	-0.034339119	0.010696655	1.6820182800292969	-0.21082143485546112	1028571109	531352401
1690	4.9408212	0.93126992	0.63122757	347.98102	2.4460625	2.2399293	-0.043594693	0.20508722	4.895346641540527	-0.6817218065261841	1027046791	484150529
1702	3.0525567	1.0034372	0.49296806	202.72757	2.1136012	1.6074934	-0.026962782	0.017853355	4.830138683319092	2.2529618740081787	1026238562	759322405
1713	2.6929584	0.25531267	2.6046626	287.51467	1.4963568	1.4416427	-0.30671003	-0.030413118	4.726757526397705	-0.2251933515071869	1018919466	117881775
1729	1.9741789	0.35921076	2.2285184	192.03417	2.1524426	1.3982879	-0.083596653	0.087907792	5.675042629241943	1.7912718057632446	1027273863	293220520
1736	2.8028958	1.2497319	2.6654446	428.33685	2.5809566	2.5797934	0.3658416	0.00029982862	4.932093620300293	2.8398351669311523	1013689950	581136703
1764	0.26471671	-0.58824949	2.5246909	167.33281	2.2913057	1.5272155	-0.014136199	-0.042752299	4.258661270141602	-0.5025790929794312	1019790108	958285451
1774	3.9080367	-0.99538477	0.076756665	254.712	1.9653691	1.5068999	-0.069730057	-0.010770311	0.4709901809692383	-1.5529931783676147	1022859264	859682322
1788	5.0036323	-0.30081296	0.099035055	405.4023	2.2471238	1.5225879	0.22843771	-0.017964802	0.7542898058891296	-0.05624249204993248	1028649205	964008212
1816	0.62455344	-1.1409014	0.56132442	396.30301	1.7616406	1.628076	-0.035166231	0.0024787565	1.5067360401153564	-1.3602147102355957	1024982454	178753614
1818	3.5290533	-0.0021404391	0.54915014	290.71524	2.8453362	2.0169272	0.075949594	0.036253348	0.4087003767490387	-2.381242275238037	1001399575	418756604
1835	0.85740393	-0.47615535	1.3498474	308.04727	2.8259537	2.0225128	-0.048222553	-0.22804981	0.34564682841300964	2.7586967945098877	1030666247	236233473
1852	2.6441876	0.59619185	0.52100636	142.37705	1.8919243	1.7469937	0.023909795	-0.2611305	4.2256317138671875	0.4929227828979492	1006356098	897712827
1861	4.816842	-0.79070384	3.002836	527.81912	2.2429352	2.1020562	0.20841667	0.035667039	4.330236434936523	-2.344306707382202	1019345877	46912432
1880	0.67375152	-0.49574256	2.7247054	436.61737	2.4477238	1.845269	0.02498441	0.059552994	4.335057258605957	-2.4920766353607178	1006367570	393065691
1888	2.6525145	0.20567022	1.0321763	90.945432	1.8953915	1.4105506	0.039845931	-0.36497236	0.8702625632286072	-3.13551664352417	1000410667	799451232
1901	1.9979092	0.039906209	0.9289787	111.23854	1.5106138	1.2750688	0.053664328	-0.016905515	0.2020755559206009	-0.055870041251182556	1003060390	976134777
1907	5.2576699	1.4085946	0.73698094	136.98242	1.4422432	1.4366008	-0.012627366	-0.019671695	2.28861403465271	-3.002537488937378	1024564359	589487672
1921	3.7995438	-1.289152	2.9221845	229.33428	2.4261117	1.6573294	0.031973195	0.052904671	2.9718971252441406	-1.0645183324813843	1002644476	676688671
1953	1.563286	0.12178092	0.47909561	200.00243	2.7230139	2.0976033	0.14445646	0.15577284	1.1664882898330688	-1.5601288080215454	1023631365	526676178
1955	0.19602281	0.53504955	2.6899584	205.674	2.8155774	1.5557201	-0.80073415	-0.01394818	3.6424448490142822	3.0340843200683594	1010457154	661662102
1988	2.4618489	-1.0379971	0.38571417	246.62014	1.813436	1.3417894	0.010928378	0.098291554	4.690674781799316	2.82211971282959	1008186517	819043040
2013	1.2547244	0.41805441	0.88543697	266.9493	2.7549417	2.5577901	0.25424903	0.16969773	5.6075944900512695	-0.3531215786933899	1028288849	62500954
2048	3.1067796	1.4497811	1.3551546	31.67835	1.36896	1.2859694	0.19836968	-0.095349703	1.9144432544708252	1.5399949550628662	1027199227	593083620
2055	4.930932	-0.24278807	0.79767016	366.1617	2.6475511	1.9206616	-0.0053556554	-0.13043282	5.71100378036499	1.1751524209976196	1011415987	831453443
2066	0.33938407	0.74514478	2.7769667	288.78878	1.9959584	1.9896383	-0.059425283	-0.15860696	3.841641902923584	2.9577345848083496	1014582321	394030452
2072	4.8017647	-0.69142236	3.0807278	203.34299	1.7403192	1.7209916	-0.15767744	0.02020744	0.6605068445205688	1.343987226486206	1025397834	273422360
2095	1.5607356	0.49641401	2.3853244	348.51614	2.6508972	1.3381941	-0.10089754	0.27015299	4.927898406982422	-3.045461893081665	1012360415	892634392
2106	1.4232292	-0.98912912	1.2996627	52.924014	1.2582352	1.1895188	0.02185845	-0.15678306	3.9712510108947754	-1.10116446018219	1019400679	240866899
2107	3.3592741	-0.58533444	0.7686798	645.59474	3.2996561	1.8757061	0.25876743	-0.16485705	5.39963960647583	2.4588406085968018	1019157189	710510373
2112	5.8233012	0.66723898	2.6006054	287.00781	2.2408655	1.8868602	0.064014886	-0.3194164	0.2583633363246918	-2.9395666122436523	1029228936	847339153
2113	4.7464077	-0.87024633	2.654899	330.19334	1.7925182	1.4943667	-0.10184801	0.12715532	4.0783162117004395	-2.842658042907715	1026409172	599330306
2116	2.2679808	-0.65074304	2.4968593	132.91511	2.3581381	1.3420927	0.014418772	0.077674704	3.9202659130096436	0.10368137061595917	1008651551	88159800
2124	6.2110003	0.37877089	0.84984948	151.75668	2.2118876	2.1372955	-0.034683808	0.004501342	2.289494514465332	0.8671191930770874	1020478276	44120073
2130	1.0151865	-0.7218057	3.0357484	85.509494	1.9751228	1.5429135	-0.30905058	-0.0089230759	4.245076656341553	1.3972418308258057	1020677607	743665814
2158	0.88123984	0.96471987	1.6074306	174.12139	2.425234	2.0243934	0.023991961	-0.038301284	0.28042852878570557	-1.6802648305892944	1019516062	976558447
2163	0.085090974	-0.18648647	2.097233	152.35024	2.0395522	1.9698666	0.022076203	0.050389124	2.6584489345550537	-2.1683807373046875	1002351478	882816434
2169	4.0701524	0.51177048	2.801624	255.84559	1.7055987	1.6664463	0.041894727	0.2283578	0.2565883994102478	1.5124187469482422	1000943980	889933944
2175	5.8067355	1.4060647	2.5475553	281.00379	2.7910363	2.5476663	-0.30380552	0.10881017	5.777122497558594	1.8011701107025146	1020195655	104932904
2182	0.70294099	-0.8562148	2.4727876	141.35664	1.975373	1.6631454	-0.0073952443	-0.012637934	5.348930358886719	-1.1191208362579346	1006376338	791582704
2197	3.2173694	-0.62421023	2.6814566	454.06078	3.0390024	1.4859415	0.055833817	0.039690253	4.126315593719482	-2.118666648864746	1021215025	728055477
2225	6.2632404	0.87825546	0.5182888	278.96118	1.8240074	1.6945243	-0.0014954373	0.0038771447	4.567164421081543	-0.7718088626861572	1012359345	248905659
2237	0.98069922	1.242507	2.2695813	79.510634	1.5392807	1.4018571	0.11968681	-0.23682396	2.1227431297302246	-1.861562967300415	1015524414	865378737
2243	5.4658918	1.4132828	2.5208692	219.27765	2.3791524	1.860518	0.095974929	-0.0047098777	4.627278804779053	2.3619441986083984	1015457502	167326450
2278	6.1460185	-0.50440846	2.2114366	144.4887	1.9766058	1.9211956	0.017402988	-0.27800013	1.6350678205490112	-1.2336211204528809	1013548557	300469995
2300	0.084617621	-1.4043298	2.9001158	200.04185	2.5956747	1.2405511	0.16344019	-0.09556082	6.116154193878174	1.7286380529403687	1028241781	727783799
2309	4.376374	-1.5135863	0.35977181	62.799385	1.7887741	1.3034744	-0.012265276	-0.0012850507	3.668910503387451	-2.2843894958496094	1021055108	783252716
2318	2.4262277	-0.49459587	0.61350854	228.29179	1.757207	1.6877199	0.22349509	-0.10750802	3.3066816329956055	-1.0750057697296143	1011308779	756122589
2340	4.0190425	0.18331698	0.47987462	190.2477	2.3604741	1.2834463	-0.04800252	0.012879285	4.857983589172363	-3.097931385040283	1015141883	540431619
2361	1.4028928	0.96094012	1.0200883	257.80842	2.444314	2.3013429	-0.21959632	0.30604237	5.48992919921875	1.7133264541625977	1021317828	471432209
2374	2.4103318	0.032346073	2.082418	223.69849	1.8668492	1.8663319	-0.022004835	0.13944129	4.733781814575195	-1.9829726219177246	1010351419	745787978
2385	4.1584626	0.79659223	1.0959186	183.63827	1.8107284	1.4124507	0.049780761	0.014943702	6.158997535705566	2.736689805984497	1011111382	750151038
2394	2.8645697	-1.1084269	0.62792792	257.28507	2.5325498	1.9198499	0.043817572	-0.1886488	4.277916431427002	0.9935665726661682	1003887542	968549967
2404	6.061439	0.37072478	2.598165	237.18703	1.7842851	1.2402064	0.0065164824	-0.0050442127	5.700165271759033	0.9191518425941467	1005629759	668980360
2422	3.6426857	0.3273376	0.63153193	173.93027	2.3910931	1.5009317	0.027119908	-0.046835017	4.910665512084961	-1.9207483530044556	1014922921	621868014
2423	2.2959064	0.58002919	2.7845711	324.17767	2.8149994	2.6431383	-0.47836702	0.094771303	1.4434516429901123	-2.7830400466918945	1029761625	355577707
2429	6.1238151	-0.52633463	2.5355937	156.73386	1.5042408	1.5018807	0.013917184	0.21441225	5.052127361297607	0.231035053730011	1019620363	896638870
2432	5.9422985	-0.68250335	2.4445564	105.509	1.8156287	1.6742261	0.058731688	-0.0315029	5.417119026184082	-1.1824604272842407	1027479361	50139427
2436	0.78568167	0.20771605	2.3928136	171.88201	1.917924	1.6206824	0.020186557	-0.016980072	4.183940887451172	1.8926408290863037	1028387240	273573637
2438	4.0032552	-0.53149358	2.7068087	449.62752	2.9420623	1.681267	-0.42977246	-0.02553987	5.922850131988525	0.10478764027357101	1026134042	360785484
2439	2.4768046	-0.84350829	0.08038919	281.26116	1.4608593	1.3629788	0.098708122	-0.038210709	3.275050401687622	0.6166996955871582	1019492813	401941299
2444	3.8544304	0.72047662	2.3020331	346.25724	2.6735441	2.3439802	0.035333325	0.039219902	4.713650226593018	-1.612362027168274	1001977044	766207457
2451	2.5493787	0.65612952	2.8382356	289.70422	2.2870147	1.5980195	0.2385826	-0.27964897	0.11678361892700195	0.6482949256896973	1008842767	251991272
2454	0.42295865	-0.36607917	2.861524	360.7409	2.2693415	1.4507557	0.0031743635	-0.15684597	4.119686603546143	1.3185304403305054	1009629232	709433198
2461	6.1015459	0.96890125	2.6458485	434.3124	2.9411694	1.6552477	0.17208387	-0.018437631	2.479773998260498	-0.12232126295566559	1016572254	495678306
2465	4.3918173	-0.18938468	1.8170177	118.04077	1.6565351	1.5238432	0.10577622	0.12318312	1.7934088706970215	-2.8547046184539795	1007796826	487618208
2477	1.9860535	1.3218438	0.78039239	210.2552	2.6919924	1.6008569	0.37721539	-0.1891359	5.873856067657471	2.9124948978424072	1031365717	206016779
2489	2.8841605	-0.63838764	2.4503707	231.51983	1.3825972	1.2632499	0.012200591	0.27745272	4.348338603973389	-2.9058258533477783	1029838764	460671902
2508	0.1901802	0.54779935	0.65226219	197.18199	2.4228766	1.314631	0.0080855505	-0.057289673	2.357858896255493	-1.5677235126495361	1018042389	612290859
2516	3.9272206	1.297791	0.14523166	110.24057	1.6765538	1.1753452	0.093338535	0.2622266	0.4231973886489868	1.3085676431655884	1015943758	725526929
2521	4.5581846	1.091489	0.33585195	293.46833	1.365328	1.2239271	0.091819516	-0.063174739	5.454400062561035	2.6608872413635254	1020261910	856009483
2528	2.3115142	0.66811672	0.64734708	227.6762	1.8456596	1.3389891	-0.015867535	0.10972263	2.6604275703430176	2.8723905086517334	1003657334	155990243
